-124.200000 44.420000 0.000000
-124.184281 44.420000 1.248386
-124.168562 44.420000 2.496771
-124.152843 44.420000 3.745157
-124.137124 44.420000 4.993543
-124.121405 44.420000 6.241928
-124.105686 44.420000 7.490314
-124.089967 44.420000 8.738699
-124.074247 44.420000 9.987085
-124.058528 44.420000 11.235471
-124.042809 44.420000 12.483856
-124.027090 44.420000 13.732242
-124.011371 44.420000 14.980628
-123.995652 44.420000 16.229013
-123.979933 44.420000 17.477399
-123.964214 44.420000 18.725784
-123.948495 44.420000 19.974170
-123.932776 44.420000 21.222556
-123.917057 44.420000 22.470941
-123.901338 44.420000 23.719327
-123.885619 44.420000 24.967713
-123.869900 44.420000 26.216098
-123.854181 44.420000 27.464484
-123.838462 44.420000 28.712870
-123.822742 44.420000 29.961255
-123.807023 44.420000 31.209641
-123.791304 44.420000 32.458026
-123.775585 44.420000 33.706412
-123.759866 44.420000 34.954798
-123.744147 44.420000 36.203183
-123.728428 44.420000 37.451569
-123.712709 44.420000 38.699955
-123.696990 44.420000 39.948340
-123.681271 44.420000 41.196726
-123.665552 44.420000 42.445111
-123.649833 44.420000 43.693497
-123.634114 44.420000 44.941883
-123.618395 44.420000 46.190268
-123.602676 44.420000 47.438654
-123.586957 44.420000 48.687040
-123.571237 44.420000 49.935425
-123.555518 44.420000 51.183811
-123.539799 44.420000 52.432197
-123.524080 44.420000 53.680582
-123.508361 44.420000 54.928968
-123.492642 44.420000 56.177353
-123.476923 44.420000 57.425739
-123.461204 44.420000 58.674125
-123.445485 44.420000 59.922510
-123.429766 44.420000 61.170896
-123.414047 44.420000 62.419282
-123.398328 44.420000 63.667667
-123.382609 44.420000 64.916053
-123.366890 44.420000 66.164438
-123.351171 44.420000 67.412824
-123.335452 44.420000 68.661210
-123.319732 44.420000 69.909595
-123.304013 44.420000 71.157981
-123.288294 44.420000 72.406367
-123.272575 44.420000 73.654752
-123.256856 44.420000 74.903138
-123.241137 44.420000 76.151524
-123.225418 44.420000 77.399909
-123.209699 44.420000 78.648295
-123.193980 44.420000 79.896680
-123.178261 44.420000 81.145066
-123.162542 44.420000 82.393452
-123.146823 44.420000 83.641837
-123.131104 44.420000 84.890223
-123.115385 44.420000 86.138609
-123.099666 44.420000 87.386994
-123.083946 44.420000 88.635380
-123.068227 44.420000 89.883765
-123.052508 44.420000 91.132151
-123.036789 44.420000 92.380537
-123.021070 44.420000 93.628922
-123.005351 44.420000 94.877308
-122.989632 44.420000 96.125694
-122.973913 44.420000 97.374079
-122.958194 44.420000 98.622465
-122.942475 44.420000 99.870850
-122.926756 44.420000 101.119236
-122.911037 44.420000 102.367622
-122.895318 44.420000 103.616007
-122.879599 44.420000 104.864393
-122.863880 44.420000 106.112779
-122.848161 44.420000 107.361164
-122.832441 44.420000 108.609550
-122.816722 44.420000 109.857936
-122.801003 44.420000 111.106321
-122.785284 44.420000 112.354707
-122.769565 44.420000 113.603092
-122.753846 44.420000 114.851478
-122.738127 44.420000 116.099864
-122.722408 44.420000 117.348249
-122.706689 44.420000 118.596635
-122.690970 44.420000 119.845021
-122.675251 44.420000 121.093406
-122.659532 44.420000 122.341792
-122.643813 44.420000 123.590177
-122.628094 44.420000 124.838563
-122.612375 44.420000 126.086949
-122.596656 44.420000 127.335334
-122.580936 44.420000 128.583720
-122.565217 44.420000 129.832106
-122.549498 44.420000 131.080491
-122.533779 44.420000 132.328877
-122.518060 44.420000 133.577263
-122.502341 44.420000 134.825648
-122.486622 44.420000 136.074034
-122.470903 44.420000 137.322419
-122.455184 44.420000 138.570805
-122.439465 44.420000 139.819191
-122.423746 44.420000 141.067576
-122.408027 44.420000 142.315962
-122.392308 44.420000 143.564348
-122.376589 44.420000 144.812733
-122.360870 44.420000 146.061119
-122.345151 44.420000 147.309504
-122.329431 44.420000 148.557890
-122.313712 44.420000 149.806276
-122.297993 44.420000 151.054661
-122.282274 44.420000 152.303047
-122.266555 44.420000 153.551433
-122.250836 44.420000 154.799818
-122.235117 44.420000 156.048204
-122.219398 44.420000 157.296590
-122.203679 44.420000 158.544975
-122.187960 44.420000 159.793361
-122.172241 44.420000 161.041746
-122.156522 44.420000 162.290132
-122.140803 44.420000 163.538518
-122.125084 44.420000 164.786903
-122.109365 44.420000 166.035289
-122.093645 44.420000 167.283675
-122.077926 44.420000 168.532060
-122.062207 44.420000 169.780446
-122.046488 44.420000 171.028831
-122.030769 44.420000 172.277217
-122.015050 44.420000 173.525603
-121.999331 44.420000 174.773988
-121.983612 44.420000 176.022374
-121.967893 44.420000 177.270760
-121.952174 44.420000 178.519145
-121.936455 44.420000 179.767531
-121.920736 44.420000 181.015917
-121.905017 44.420000 182.264302
-121.889298 44.420000 183.512688
-121.873579 44.420000 184.761073
-121.857860 44.420000 186.009459
-121.842140 44.420000 187.257845
-121.826421 44.420000 188.506230
-121.810702 44.420000 189.754616
-121.794983 44.420000 191.003002
-121.779264 44.420000 192.251387
-121.763545 44.420000 193.499773
-121.747826 44.420000 194.748158
-121.732107 44.420000 195.996544
-121.716388 44.420000 197.244930
-121.700669 44.420000 198.493315
-121.684950 44.420000 199.741701
-121.669231 44.420000 200.990087
-121.653512 44.420000 202.238472
-121.637793 44.420000 203.486858
-121.622074 44.420000 204.735244
-121.606355 44.420000 205.983629
-121.590635 44.420000 207.232015
-121.574916 44.420000 208.480400
-121.559197 44.420000 209.728786
-121.543478 44.420000 210.977172
-121.527759 44.420000 212.225557
-121.512040 44.420000 213.473943
-121.496321 44.420000 214.722329
-121.480602 44.420000 215.970714
-121.464883 44.420000 217.219100
-121.449164 44.420000 218.467485
-121.433445 44.420000 219.715871
-121.417726 44.420000 220.964257
-121.402007 44.420000 222.212642
-121.386288 44.420000 223.461028
-121.370569 44.420000 224.709414
-121.354849 44.420000 225.957799
-121.339130 44.420000 227.206185
-121.323411 44.420000 228.454571
-121.307692 44.420000 229.702956
-121.291973 44.420000 230.951342
-121.276254 44.420000 232.199727
-121.260535 44.420000 233.448113
-121.244816 44.420000 234.696499
-121.229097 44.420000 235.944884
-121.213378 44.420000 237.193270
-121.197659 44.420000 238.441656
-121.181940 44.420000 239.690041
-121.166221 44.420000 240.938427
-121.150502 44.420000 242.186812
-121.134783 44.420000 243.435198
-121.119064 44.420000 244.683584
-121.103344 44.420000 245.931969
-121.087625 44.420000 247.180355
-121.071906 44.420000 248.428741
-121.056187 44.420000 249.677126
-121.040468 44.420000 250.925512
-121.024749 44.420000 252.173898
-121.009030 44.420000 253.422283
-120.993311 44.420000 254.670669
-120.977592 44.420000 255.919054
-120.961873 44.420000 257.167440
-120.946154 44.420000 258.415826
-120.930435 44.420000 259.664211
-120.914716 44.420000 260.912597
-120.898997 44.420000 262.160983
-120.883278 44.420000 263.409368
-120.867559 44.420000 264.657754
-120.851839 44.420000 265.906139
-120.836120 44.420000 267.154525
-120.820401 44.420000 268.402911
-120.804682 44.420000 269.651296
-120.788963 44.420000 270.899682
-120.773244 44.420000 272.148068
-120.757525 44.420000 273.396453
-120.741806 44.420000 274.644839
-120.726087 44.420000 275.893224
-120.710368 44.420000 277.141610
-120.694649 44.420000 278.389996
-120.678930 44.420000 279.638381
-120.663211 44.420000 280.886767
-120.647492 44.420000 282.135153
-120.631773 44.420000 283.383538
-120.616054 44.420000 284.631924
-120.600334 44.420000 285.880310
-120.584615 44.420000 287.128695
-120.568896 44.420000 288.377081
-120.553177 44.420000 289.625466
-120.537458 44.420000 290.873852
-120.521739 44.420000 292.122238
-120.506020 44.420000 293.370623
-120.490301 44.420000 294.619009
-120.474582 44.420000 295.867395
-120.458863 44.420000 297.115780
-120.443144 44.420000 298.364166
-120.427425 44.420000 299.612551
-120.411706 44.420000 300.860937
-120.395987 44.420000 302.109323
-120.380268 44.420000 303.357708
-120.364548 44.420000 304.606094
-120.348829 44.420000 305.854480
-120.333110 44.420000 307.102865
-120.317391 44.420000 308.351251
-120.301672 44.420000 309.599637
-120.285953 44.420000 310.848022
-120.270234 44.420000 312.096408
-120.254515 44.420000 313.344793
-120.238796 44.420000 314.593179
-120.223077 44.420000 315.841565
-120.207358 44.420000 317.089950
-120.191639 44.420000 318.338336
-120.175920 44.420000 319.586722
-120.160201 44.420000 320.835107
-120.144482 44.420000 322.083493
-120.128763 44.420000 323.331878
-120.113043 44.420000 324.580264
-120.097324 44.420000 325.828650
-120.081605 44.420000 327.077035
-120.065886 44.420000 328.325421
-120.050167 44.420000 329.573807
-120.034448 44.420000 330.822192
-120.018729 44.420000 332.070578
-120.003010 44.420000 333.318964
-119.987291 44.420000 334.567349
-119.971572 44.420000 335.815735
-119.955853 44.420000 337.064120
-119.940134 44.420000 338.312506
-119.924415 44.420000 339.560892
-119.908696 44.420000 340.809277
-119.892977 44.420000 342.057663
-119.877258 44.420000 343.306049
-119.861538 44.420000 344.554434
-119.845819 44.420000 345.802820
-119.830100 44.420000 347.051205
-119.814381 44.420000 348.299591
-119.798662 44.420000 349.547977
-119.782943 44.420000 350.796362
-119.767224 44.420000 352.044748
-119.751505 44.420000 353.293134
-119.735786 44.420000 354.541519
-119.720067 44.420000 355.789905
-119.704348 44.420000 357.038291
-119.688629 44.420000 358.286676
-119.672910 44.420000 359.535062
-119.657191 44.420000 360.783447
-119.641472 44.420000 362.031833
-119.625753 44.420000 363.280219
-119.610033 44.420000 364.528604
-119.594314 44.420000 365.776990
-119.578595 44.420000 367.025376
-119.562876 44.420000 368.273761
-119.547157 44.420000 369.522147
-119.531438 44.420000 370.770532
-119.515719 44.420000 372.018918
-119.500000 44.420000 373.267304
