0.254713E+01
0.462958E+01
0.443831E+01
0.475234E+01
0.451840E+01
0.398681E+01
0.130141E+01
0.467728E+01
0.233423E+01
0.495453E+01
-0.148235E+01
0.538179E+01
0.165209E+01
0.500298E+01
0.332752E+01
0.620979E+01
0.494526E+01
0.332929E+01
0.568473E+01
0.435441E+01
0.664566E+01
0.440946E+01
0.678980E+01
0.426034E+01
0.500550E+01
0.697773E+01
0.647037E+01
0.448257E+01
0.377073E+01
0.623962E+01
0.370189E+01
0.102315E+01
0.173036E+01
0.245999E+01
0.330452E+01
0.271415E+01
0.294102E+01
0.491248E+01
0.187051E+01
0.447655E+01
0.277937E+01
0.253133E+01
0.225717E+01
0.177275E+01
0.269189E+01
0.225488E+01
0.356789E+01
0.140128E+01
0.119080E+01
0.737087E+00
0.124914E+01
0.221612E+01
0.296129E+01
0.171423E+01
0.623881E+01
0.419979E+01
-0.488456E+00
0.153809E+01
0.190191E+01
0.137768E+01
0.344449E+00
0.172682E+01
0.102226E+01
0.869156E+00
0.160296E+01
0.110865E+01
0.114097E+01
0.308850E+01
0.440544E+01
0.217302E+01
0.426572E+01
0.284747E+01
0.338729E+01
0.202022E+01
0.893836E+00
0.114859E+01
0.433226E+01
0.162761E+01
0.133523E+01
0.212740E+01
0.221643E+01
0.327835E+01
0.433917E+01
0.197815E+01
0.164509E+01
0.190151E+01
0.371516E+01
0.210054E+01
0.418724E+01
0.330746E+01
0.372481E+01
0.159696E+01
0.290540E+01
0.149894E+01
0.406093E+01
0.361878E+01
0.264848E+01
0.439289E+01
0.303050E+01
0.463098E+01
0.345468E+01
0.326694E+01
0.389254E+01
0.476296E+01
0.506527E+01
0.305537E+01
0.610296E+01
0.479221E+01
0.229641E+01
0.315336E+01
0.360023E+01
0.536276E+01
0.177677E+01
0.381299E+01
0.364356E+01
0.451565E+01
0.440642E+01
0.233587E+01
0.338078E+01
0.197492E+01
0.353246E+01
0.367356E+01
0.112112E+01
0.299388E+01
0.155443E+01
0.652571E+00
0.223441E+01
0.251708E+01
0.305650E+01
0.447044E+01
0.343298E+01
0.283699E+01
0.229130E+01
0.355328E+01
0.325133E+01
0.188565E+01
0.397153E+01
0.580308E+01
0.508944E+01
0.403026E+01
0.357332E+01
0.411839E+01
0.300276E+01
0.197521E+01
0.278167E+01
0.254455E+01
-0.153621E+01
0.290607E+01
0.389895E+01
0.129120E+01
0.344946E+01
0.234700E+01
0.272871E+01
0.380110E+01
0.494932E+00
0.310582E+01
0.315713E+01
0.180505E+01
0.135363E+01
0.439072E+01
0.210994E+01
0.429730E+01
0.273800E+01
0.341077E+01
0.183740E+01
0.355949E+01
0.264352E+01
0.241763E+01
0.476488E+01
0.269558E+01
0.466348E+01
0.396134E+01
0.323644E+01
0.472859E+01
0.210036E+01
0.339785E+01
0.246497E+01
0.360231E+01
0.187272E+01
0.353385E+01
0.278267E+01
0.231672E+01
0.197448E+01
0.300661E+01
0.285083E+01
0.325380E+01
0.168863E+01
0.449482E+01
0.430597E+01
0.194346E+01
0.141957E+01
0.105576E+01
0.322319E+01
0.153989E+01
0.386567E+01
0.470361E+01
0.407402E+01
0.501596E+01
0.428771E+01
0.300842E+01
0.262726E+01
0.339684E+01
0.245666E+01
0.367408E+01
0.254562E+01
0.245907E+01
0.406056E+01
0.376313E+01
0.341226E+01
0.141228E+01
0.200327E+01
0.462948E+01
0.169964E+01
0.188284E+01
0.123933E+01
0.494431E+01
0.239723E+01
0.283665E+01
0.389774E+01
0.247411E+01
0.158805E+01
0.156983E+01
0.402829E+00
0.286473E+01
0.218475E+01
0.270350E+01
0.327098E+01
0.263129E+01
0.288811E+01
0.323495E+01
0.109104E+01
0.434591E+01
0.295866E+01
0.222034E+01
0.341268E+01
0.288327E+01
0.463858E+01
0.665742E+01
0.137236E+01
0.212610E+01
0.183648E+01
0.264618E+01
0.134040E+01
0.193135E+01
0.196443E+01
0.328317E+01
0.409742E+01
0.375864E+01
0.311710E+01
0.534990E+01
0.208111E+01
0.293331E+01
0.246493E+01
0.265742E+01
0.569997E+01
0.774956E+00
0.281260E+01
0.238333E+01
0.429730E+01
0.157732E+01
0.128952E+01
0.197292E+01
0.245816E+01
0.335521E+01
0.158145E+01
0.121472E+01
-0.130033E+01
0.195600E+01
0.337461E+01
0.303210E+01
0.433852E+01
0.333629E+01
0.260939E+01
0.286691E+01
0.342505E+01
0.380019E+01
0.294145E+01
0.570608E+01
0.230775E+01
0.231622E+01
0.251960E+01
0.291302E+01
0.189450E+01
0.286362E+01
0.307243E+01
0.252441E+01
0.271933E+01
0.334762E+01
0.367233E+01
0.262852E+01
0.318156E+01
0.492031E+01
0.233560E+01
0.349217E+01
0.448839E+01
0.499949E+01
0.376145E+01
0.351085E+01
0.505289E+01
0.287781E+01
0.501684E+01
0.177243E+01
0.160946E+01
0.229154E+01
0.344932E+01
0.405978E+01
0.160046E+01
0.327252E+01
0.195710E+01
0.296874E+01
0.301750E+01
0.289513E+01
0.371050E+01
0.333062E+01
0.151696E+01
0.234218E+01
0.452891E+01
0.427313E+01
0.968797E+00
0.127816E+01
0.103223E+01
-0.263362E+00
0.195271E+01
0.243783E+01
0.158830E+01
0.780190E+00
0.731248E+00
0.129303E+01
0.158745E+01
0.275125E+01
0.223597E+01
0.232111E+01
0.202414E+01
0.267550E+01
0.159652E+01
0.314636E+01
0.203175E+01
0.161021E+01
0.272530E+01
0.345092E+01
0.264884E+01
0.360289E+01
0.265739E+01
0.434738E+01
0.169152E+01
0.355444E+01
0.234688E+01
0.300746E+01
0.126602E+01
0.209055E+01
0.130343E+01
0.220084E+01
0.263271E+01
0.337542E+01
0.370369E+01
0.253353E+01
0.362423E+01
0.356979E+01
0.355476E+01
0.298757E+01
0.174745E+01
0.297459E+01
0.238267E+01
0.227653E+01
0.112158E+01
0.158218E+01
0.169810E+01
0.253032E+01
0.167005E+01
0.935665E+00
0.203625E+01
0.929167E+00
0.342941E+01
0.424422E+01
0.206098E+01
0.272782E+01
0.218277E+01
0.187006E+01
0.258931E+01
-0.504748E+00
0.964073E+00
0.274512E+01
0.227439E+01
0.235336E+01
0.556185E+00
0.291298E+01
0.175116E+01
0.360130E+01
0.457517E+01
0.288804E+01
0.303183E+01
0.237043E+01
0.343363E+01
0.186434E+01
0.199495E+01
0.287749E+01
0.168628E+01
0.418992E+01
0.365899E+01
0.431561E+01
0.289529E+01
0.463978E+01
0.347037E+01
0.420412E+01
0.293303E+01
0.444410E+01
0.303470E+01
0.400117E+01
0.484058E+01
0.505620E+01
0.298938E+01
0.418708E+01
0.249873E+01
0.223408E+01
0.379970E+01
0.284904E+01
0.376182E+01
0.142982E+00
0.312672E+01
0.272151E+01
0.270897E+01
0.246730E+01
0.433757E+01
0.296683E+01
0.370246E+01
0.272101E+01
0.334959E+01
0.378288E+01
0.154896E+01
0.467750E+01
0.258472E+01
0.262014E+01
0.322504E+01
0.204946E+01
0.548726E+01
0.416060E+01
0.381044E+01
0.336935E+01
0.644597E+01
0.253148E+01
0.403748E+01
0.150810E+01
0.311962E+01
0.440172E+01
0.581111E+01
0.321670E+01
0.131128E+01
0.137423E+01
0.224447E+01
0.270290E+01
0.445093E+01
0.219262E+01
0.260448E+01
0.287466E+01
0.294017E+01
0.285269E+01
0.288941E+01
0.365609E+01
0.197876E+01
0.234841E+01
0.325065E+01
0.494228E+00
0.325325E+01
0.341284E+01
0.956226E+00
0.297178E+01
-0.780624E+00
0.231503E+01
0.162614E+01
0.145849E+01
0.323573E+01
0.301670E+01
0.253339E+01
0.236992E+01
0.272153E+01
0.108229E+01
0.385990E+01
0.229176E+01
0.233399E+01
0.277660E+01
0.280904E+01
0.271654E+01
0.218957E+01
0.217591E+01
0.433022E+01
0.460927E+01
0.345411E+01
0.573491E+01
0.609123E+01
0.229101E+01
0.241213E+01
0.250081E+01
0.213597E+01
0.920435E+00
0.233677E+01
0.177778E+01
0.220636E+01
0.293053E+01
0.314331E+01
0.322299E+01
0.148480E+01
0.154698E+01
0.290597E+01
0.282646E+01
0.268803E+01
0.267205E+01
0.309544E+01
0.211385E+01
0.259683E+01
0.311407E+01
0.319712E+01
0.157361E+01
0.431113E+01
0.434691E+01
0.407321E+01
0.180197E+01
0.220710E+01
0.252837E+01
0.370054E+01
0.419721E+01
0.115822E+01
0.310485E+01
0.396597E+01
0.318021E+01
0.397753E+01
0.109197E+01
0.333628E+01
0.362314E+01
0.343361E+01
0.335102E+01
0.108274E+01
0.199452E+01
0.495497E+01
0.315608E+01
0.264696E+01
0.417471E+01
0.301932E+01
0.489633E+01
0.452049E+01
0.503104E+01
0.175579E+01
0.522814E+01
0.303398E+01
0.391868E+01
0.178029E+01
0.172906E+01
0.366662E+01
0.307803E+01
0.446450E+01
0.241736E+01
0.367468E+01
0.391683E+01
0.242242E+01
0.476362E+01
0.288607E+01
0.534284E+01
0.203325E+01
0.343663E+01
0.412072E+01
0.315644E+01
0.168978E+01
0.141350E+01
0.434650E+01
0.260940E+01
0.289498E+01
0.378338E+01
0.385949E+01
0.199469E+01
0.401648E+01
0.337278E+01
0.130614E+01
0.531068E+01
0.217919E+01
0.517993E+01
0.653320E+01
0.357437E+01
0.380130E+01
0.399528E+01
0.317033E+01
0.294948E+01
0.375667E+01
0.317663E+01
0.159335E+01
0.428850E+01
0.264721E+01
0.293966E+01
0.302481E+01
0.416063E+00
0.421206E+01
0.438870E+01
0.317407E+01
0.147385E+01
0.297960E+01
0.199163E+01
0.186519E+01
0.260202E+01
0.221862E+01
0.318254E+01
0.500130E+01
0.286523E+01
0.370907E+01
0.199390E+01
0.258384E+01
0.277642E+01
0.315517E+01
0.174168E+01
0.294244E+01
0.297462E+01
0.243738E+01
0.331417E+01
0.129531E+01
0.518546E+01
0.505981E+01
0.326625E+01
0.390017E+01
0.536392E+01
0.407551E+01
0.304348E+01
0.219092E+01
0.396924E+01
0.449215E+01
0.300234E+01
0.865929E+00
0.381399E+01
0.455997E+01
0.473286E+01
0.175239E+01
0.276055E+01
0.284745E+01
0.197676E+01
0.221919E+01
0.332794E+01
0.356789E+01
0.287674E+01
0.261916E+01
0.280791E+01
0.264476E+01
0.893335E+00
0.157870E+01
0.259343E+01
0.322907E+01
0.222601E+01
0.273327E+01
0.129210E+01
0.306926E+01
0.294437E+01
0.179545E+01
0.184902E+01
0.166714E+01
0.248473E+01
0.269633E+01
0.377976E+01
0.361507E+01
0.504620E+01
0.323741E+01
0.499983E+01
0.544874E+01
0.434348E+01
0.530758E+01
0.596846E+01
0.451655E+01
0.149341E+01
0.303826E+01
0.259277E+01
0.105917E+01
0.459788E+01
0.255773E+01
0.411660E+01
0.931124E+00
0.382672E+01
0.580232E+01
0.210887E+01
0.462974E+01
0.341344E+01
0.355454E+01
0.168627E+01
0.322598E+01
0.180024E+01
0.417380E+01
0.401664E+01
-0.148355E+01
0.297426E+01
0.304358E+01
0.157925E+01
0.304078E+01
0.348833E+01
0.296067E+01
0.326201E+01
0.298845E+01
0.361937E+01
0.326177E+01
0.451174E+01
0.361744E+01
0.308079E+01
0.386777E+01
0.348759E+01
0.296243E+01
0.492466E+01
0.234980E+01
0.450714E+01
0.338512E+01
0.339710E+01
0.259953E+01
0.390355E+01
0.442688E+01
0.382947E+01
0.382306E+01
0.316812E+01
0.324306E+01
0.418898E+01
0.474111E+01
0.301195E+01
0.534250E+01
0.302120E+01
0.409326E+01
0.475302E+01
0.474203E+01
0.530851E+01
0.278888E+01
0.503589E+01
0.509610E+01
0.420006E+01
0.489334E+01
0.447302E+01
0.508813E+01
0.429596E+01
0.288384E+01
0.342425E+01
0.151555E+01
0.298675E+01
0.418950E+01
0.205070E+01
0.271634E+01
0.337245E+01
0.538202E+01
0.348884E+01
0.210979E+01
0.432656E+01
0.511080E+01
0.162739E+01
0.484131E+01
0.587651E+01
0.342631E+01
0.562582E+01
0.165054E+01
0.292891E+01
0.205045E+01
0.276448E+01
0.273525E+01
0.399726E+01
0.441563E+01
0.437901E+01
0.283158E+01
0.252400E+01
0.773041E+00
0.220455E+01
0.295822E+01
0.343417E+01
0.430562E+01
0.380044E+01
0.234147E+01
0.174709E+01
0.548867E+01
0.219010E+01
0.301999E+01
0.130623E+01
0.326278E+01
0.211035E+01
0.431966E+01
0.199814E+01
0.489983E+01
0.421166E+01
0.244877E+01
-0.443096E+00
0.241304E+01
0.202607E+01
0.258998E+01
0.399388E+01
0.475819E+01
0.295392E+01
0.161709E+01
0.422282E+01
0.253145E+01
0.272677E+01
0.143617E+01
0.365813E+01
0.217535E+01
0.489453E+01
0.258614E+01
0.243575E+01
0.259153E+01
0.298789E+01
0.323704E+01
0.436030E+01
0.293645E+01
0.534309E+01
0.288227E+01
0.387448E+01
0.276100E+01
0.437980E+01
0.284001E+01
0.480755E+01
0.313692E+01
0.323765E+01
0.471218E+01
0.133316E+01
0.630780E+01
0.431828E+01
0.534919E+01
0.414806E+01
0.576453E+01
0.180709E+01
0.170769E+00
0.463841E+01
0.452829E+01
0.431376E+01
0.416052E+01
0.452032E+01
0.188871E+01
0.165271E+01
0.331200E+01
0.322623E+01
0.432683E+01
0.613441E+00
0.440482E+01
0.453219E+01
0.127935E+01
0.378700E+01
0.239234E+01
0.351745E+01
0.516942E+01
0.299673E+01
0.277842E+01
0.172005E+01
0.370750E+01
0.370702E+01
0.309224E+01
0.558547E+01
0.325092E+01
0.223598E+01
0.241729E+01
0.404290E+01
0.307067E+01
0.551308E+01
0.263825E+01
0.463901E+01
0.474617E+01
0.326019E+01
0.514952E+01
0.453597E+01
0.496022E+01
0.401728E+01
0.272403E+01
0.459374E+01
0.363262E+01
0.665704E+01
0.294007E+01
0.289350E+01
0.380996E+01
0.531125E+01
0.500160E+01
0.129339E+01
0.222463E+01
0.511016E+01
0.323615E+01
0.611306E+00
0.292690E+01
0.418993E+01
0.448835E+01
0.419457E+01
0.502256E+01
0.381836E+01
0.145606E+01
0.313049E+01
0.126313E+01
0.556472E+01
0.382138E+01
0.158473E+01
0.422332E+01
0.571530E+01
0.284051E+01
0.388609E+01
0.264266E+01
0.446047E+01
0.586281E+01
0.289867E+01
0.250686E+01
0.439517E+01
0.322313E+01
0.106098E+01
0.399542E+01
0.385552E+01
0.477884E+01
0.592989E+01
0.435307E+01
0.570466E+01
0.336907E+01
0.432954E+01
0.218029E+01
0.332679E+01
0.518361E+01
0.273236E+01
0.361843E+01
0.162637E+01
0.431923E+01
0.435965E+01
0.440212E+01
0.292508E+01
0.431788E+01
0.455479E+01
0.333819E+01
0.473956E+01
0.139552E+01
0.354962E+01
0.221258E+01
0.460305E+01
0.167104E+01
0.481294E+01
0.392064E+01
0.288015E+01
0.225518E+01
0.450509E+01
0.533567E+01
0.459751E+01
0.326115E+01
0.343460E+01
0.385511E+01
0.427429E+01
0.460927E+01
0.503044E+01
0.620668E+01
0.451208E+01
0.484163E+01
0.199878E+01
0.453064E+01
0.418865E+01
0.431683E+01
0.494492E+01
0.108193E+01
0.611710E+01
0.267509E+01
0.310880E+01
0.198436E+01
0.106384E+01
0.373557E+01
0.202411E+01
0.345592E+01
0.128024E+01
0.383818E+01
0.436438E+01
0.289167E+01
0.150883E+01
0.491864E+00
0.646892E+01
0.223400E+01
0.338108E+01
0.369456E+01
0.287679E+01
0.463980E+01
0.345392E+01
0.505803E+01
0.129007E+01
0.361729E+01
0.587493E+01
0.378689E+01
0.383869E+01
0.434933E+01
0.446695E+01
0.481395E+01
0.394926E+01
0.491778E+01
0.546566E+01
0.537011E+01
0.652052E+01
0.591029E+01
0.505221E+01
0.448681E+01
0.471888E+01
0.480861E+01
0.483619E+01
0.662669E+01
0.404477E+01
0.255077E+01
0.272980E+01
0.311509E+01
0.644507E+01
0.518001E+01
0.494371E+01
0.326327E+01
0.306738E+01
0.308007E+01
0.489865E+01
0.293447E+01
0.238993E+01
0.448581E+01
0.455384E+01
0.434934E+01
0.356358E+01
0.388688E+01
0.559110E+01
0.468127E+01
0.403594E+01
0.216042E+01
0.480164E+01
0.490764E+01
0.285548E+01
0.529086E+01
0.430723E+01
0.403593E+01
0.511284E+01
0.332824E+01
0.255806E+01
0.386876E+01
0.475907E+01
0.477887E+01
0.311474E+01
0.269764E+01
0.321630E+01
0.441161E+01
0.573664E+01
0.175604E+01
0.653378E+01
0.568327E+01
0.294493E+01
0.348960E+01
0.342691E+01
0.421307E+01
0.534369E+01
0.351557E+01
0.419444E+01
0.494564E+01
0.446801E+01
0.476110E+01
0.270768E+01
0.395350E+01
0.378797E+01
0.399510E+01
0.420423E+01
0.122120E+01
0.401796E+01
0.713388E+00
0.336328E+01
0.158073E+01
0.289838E+01
0.383428E+01
0.274083E+01
0.100823E+01
0.576804E+01
0.609118E+01
0.522773E+01
0.435392E+01
0.296341E+01
0.562488E+01
0.244805E+01
0.516825E+01
0.502233E+01
0.333777E+01
0.481558E+01
0.356521E+01
0.404804E+01
0.553517E+01
0.283261E+01
0.462829E+01
0.211319E+01
0.381559E+01
0.371174E+01
0.202504E+01
0.272625E+01
0.243427E+01
0.396038E+01
0.552792E+01
0.167956E+01
0.165165E+01
0.571126E+01
0.119253E+01
0.434315E+01
0.483680E+01
0.233904E+01
0.347677E+01
0.439814E+01
0.494470E+01
0.157692E+01
0.424404E+01
0.249901E+01
0.197944E+01
0.419650E+01
0.421096E+01
0.218971E+01
0.382711E+01
0.447270E+01
0.310740E+01
0.436748E+01
0.429529E+01
0.636282E+01
0.409884E+01
0.573271E+01
0.524234E+01
0.468295E+01
0.592230E+01
0.440335E+01
0.383149E+01
0.356940E+01
0.618012E+01
0.303975E+01
0.398069E+01
0.442272E+01
0.628558E+01
0.368545E+01
0.483438E+01
0.347726E+01
0.517351E+01
0.102340E+01
0.132693E+01
0.284875E+01
0.165110E+01
0.338044E+01
0.187167E+01
0.245665E+01
0.291231E+01
0.349783E+01
0.309981E+01
0.703894E+01
-0.410044E+01
0.341531E+01
-0.981798E+00
0.431628E+01
0.239844E+01
0.160816E+01
0.206210E+01
0.223545E+01
0.234856E+01
0.115630E+01
0.443732E+01
0.295454E+01
0.170490E+00
0.198565E+01
0.150932E+01
0.415537E+01
0.344555E+01
0.208358E+01
0.227524E+01
0.249538E+01
0.309309E+01
0.210808E+01
0.218533E+01
0.349987E+01
0.343732E+01
0.366046E+01
0.421287E+01
0.458173E+01
0.523874E+01
0.556032E+01
0.421573E+01
0.511582E+01
0.543941E+01
0.621880E+01
0.566753E+01
0.496189E+01
0.483658E+01
0.371833E+01
0.297987E+01
0.309989E+01
0.238135E+01
0.369766E+01
0.503461E+01
0.269715E+01
0.451360E+01
0.517231E+01
0.472751E+01
0.534998E+01
0.501566E+01
0.272387E+01
0.342909E+01
0.365610E+01
0.431037E+01
0.411953E+01
0.509540E+01
0.576459E+01
0.459161E+01
0.592976E+01
0.662777E+01
0.511429E+01
0.321561E+01
0.576761E+01
0.445714E+01
0.172107E+01
0.356570E+01
0.308741E+01
0.287311E+01
0.327695E+01
0.370880E+01
0.371409E+01
0.167849E+01
0.284856E+01
0.109006E+01
0.271875E+01
0.213518E+01
0.171142E+01
0.109653E+01
0.293218E+01
0.345014E+01
0.169139E+01
0.254694E+01
0.149386E+01
0.930581E+00
0.241323E+01
0.182562E+01
0.211408E+01
0.216050E+01
0.225869E+01
0.126670E+01
0.191318E+01
0.252264E+01
0.208658E+01
0.253788E+01
0.269582E+01
0.101601E+01
0.140823E+01
0.222827E+01
0.275281E+01
0.244998E+01
0.228872E+01
0.251379E+01
0.180779E+01
0.266643E+01
0.594165E+01
-0.285189E+00
0.362038E+01
0.146665E+01
0.324556E+00
0.271323E+01
0.312299E+01
0.371013E+01
0.335340E+01
0.362022E+01
0.206069E+01
0.439422E+01
0.180474E+01
0.126671E+01
0.286418E+01
0.239667E+01
0.261372E+01
0.176491E+01
0.323261E+01
0.319913E+01
0.308051E+01
0.182920E+01
0.394897E+01
0.197905E+01
0.174257E+01
0.258663E+01
0.277885E+01
0.321297E+01
0.264056E+01
0.312376E+01
0.184357E+01
0.222257E+01
0.228962E+01
0.251125E+01
0.258715E+01
0.257592E+01
0.302966E+01
0.188515E+01
0.135380E+01
0.200337E+01
0.156251E+01
0.162779E+01
0.384434E+01
0.296016E+01
0.569936E+01
0.186403E+01
0.154933E+01
0.229102E+01
0.197826E+01
0.294294E+01
0.894579E+00
0.188804E+01
0.176609E+01
0.304553E+01
0.334028E+01
0.157771E+01
0.272011E+01
0.363300E+01
0.587673E+01
0.192979E+01
0.305942E+01
0.388677E+01
0.346841E+01
0.214330E+01
0.340936E+01
0.287151E+01
0.419999E+01
0.202990E+01
0.119044E+01
0.278110E+01
0.182576E+01
0.345454E+01
0.415628E+01
0.194893E+01
0.335466E+01
0.281234E+01
0.277863E+01
0.176832E+01
0.492470E+01
0.352214E+01
0.149132E+01
0.230295E+01
0.164844E+01
0.246438E+01
0.145537E+01
0.161974E+01
0.229634E+01
0.221815E+01
0.737621E+00
-0.488697E+00
0.243320E+01
0.326723E+01
0.436782E+01
0.344588E+01
0.357128E+01
0.169608E+01
0.143988E+01
0.252895E+01
0.321233E+01
0.411878E+01
0.183701E+01
0.137897E+01
0.251234E+01
0.147538E+01
0.239402E+01
0.259364E+01
0.200778E+01
0.327648E+01
0.332253E+01
0.184541E+01
0.266090E+01
0.396563E+01
0.262973E+01
0.325315E+01
0.408161E+01
0.430026E+01
0.165159E+01
0.133861E+01
0.243266E+01
0.254696E+01
0.545242E+01
0.396097E+01
0.111793E+01
0.235237E+01
0.251738E+01
0.977612E+00
0.340669E+01
0.168360E+01
0.350462E+01
0.244317E+01
0.418657E+01
0.377188E+01
0.289323E+01
0.404589E+01
0.210605E+01
0.167147E+01
0.236105E+01
0.132810E+01
0.262487E+01
0.353735E+01
0.359668E+01
0.200606E+01
0.141479E+01
0.301848E+01
0.255132E+01
0.264499E+01
0.101194E+01
0.371108E+01
0.166686E+01
0.149008E+01
0.387605E+01
0.549244E+01
0.207897E+01
0.278050E+01
0.180876E+01
0.363445E+01
0.255147E+01
0.479777E+01
0.431298E+01
0.349965E+01
0.412396E+01
0.404322E+01
0.502890E+01
0.422670E+01
0.430593E+01
0.542095E+01
0.228182E+01
0.236329E+01
0.594329E+01
0.552896E+01
0.298211E+01
0.370016E+01
0.489533E+01
0.435457E+01
0.441206E+01
0.349186E+01
0.345844E+01
0.432922E+01
0.462881E+01
0.110354E+01
0.371030E+01
0.915297E+00
0.154149E+01
0.970541E+00
0.277622E+01
0.121680E+01
0.281675E+01
0.287333E+01
0.433978E+01
-0.284576E+00
0.233699E+01
0.310068E+01
0.300313E+01
0.279280E+01
0.206111E+01
0.429834E+01
0.177406E+01
0.134141E+01
0.237368E+01
0.289770E+01
0.395639E+01
0.284140E+01
0.211508E+01
0.459909E+01
0.330491E+01
0.383941E+01
0.313558E+01
0.433701E+01
0.437928E+01
0.144492E+01
0.353903E+01
0.211306E+01
0.699236E+00
0.320175E+01
0.464397E+01
0.183474E+01
0.315143E+01
0.237170E+01
0.215388E+01
0.387044E+01
0.165136E+01
0.315186E+01
0.216058E+01
0.389204E+01
0.429654E+01
0.208592E+01
0.402893E+01
0.273661E+01
0.307746E+01
0.348775E+01
0.236294E+01
0.431219E+01
0.532443E+01
0.361896E+01
0.137313E+01
0.230713E+01
0.966943E+00
0.297315E+01
0.347044E+01
0.253281E+01
0.229116E+01
0.357360E+01
0.264023E+01
0.304513E+01
0.664673E+01
0.235108E+01
0.288401E+01
0.299726E+01
0.381988E+01
0.474098E+01
0.395114E+01
0.476144E+01
0.404977E+01
0.352069E+01
0.137839E+01
0.257042E+01
0.370365E+01
0.454558E+01
0.283704E+01
0.266382E+01
0.427441E+01
0.362245E+01
0.281878E+01
0.424639E+01
0.417840E+01
0.491640E+01
0.332414E+01
0.297893E+01
0.445831E+01
0.124782E+01
0.479852E+01
0.289639E+01
0.636275E+01
0.227646E+01
0.357281E+01
0.341026E+01
0.194318E+01
0.385379E+01
0.502501E+01
0.212727E+01
0.231643E+01
0.127791E+01
0.420402E+01
0.403872E+01
0.241242E+01
0.312318E+01
0.334173E+01
0.450733E+01
-0.443828E+00
0.387552E+01
0.277769E+01
0.145600E+01
0.139557E+01
0.410615E+01
0.307315E+01
0.423525E+01
0.530928E+01
0.241348E+01
0.351878E+01
0.442440E+01
0.293638E+01
0.403555E+01
0.324208E+01
0.397866E+01
0.446187E+01
0.431344E+01
0.409951E+01
0.249775E+01
0.411755E+01
0.183636E+01
0.182305E+01
0.183777E+01
0.251935E+01
0.103088E+01
0.238188E+01
0.293326E+01
0.151011E+01
0.250108E+01
0.380084E+01
0.184328E+01
0.440965E+01
0.179747E+01
0.338580E+01
0.276265E+01
0.172011E+01
0.491914E+01
0.270652E+01
0.553543E+01
0.106788E+01
0.290732E+01
0.285110E+01
0.272261E+01
0.435711E+01
0.397345E+01
0.431527E+01
0.378316E+01
0.301433E+01
0.357890E+01
0.420735E+01
0.305124E+01
0.290639E+01
0.210753E+01
0.350045E+01
0.225908E+01
0.476193E+01
0.573181E+01
0.309370E+01
0.355967E+01
0.142020E+01
0.595859E+01
0.264769E+01
0.291361E+01
-0.262664E+00
0.227781E+01
0.444370E+01
0.312087E+01
0.213642E+01
0.399674E+01
0.222221E+01
0.158003E+01
0.678839E+01
0.339636E+01
0.437965E+01
0.370547E+01
0.312918E+01
0.354857E+01
0.546520E+01
0.251294E+01
0.220798E+01
0.337296E+01
0.263156E+01
0.456757E+01
0.261629E+01
0.333182E+01
0.245735E+01
0.405096E+01
0.245707E+01
0.221694E+01
0.412411E+01
0.395665E+01
0.126764E+01
0.506531E+01
0.524237E+01
0.211006E+01
0.264422E+01
0.105690E+01
0.317635E+01
0.134248E+01
0.189537E+01
0.195326E+01
0.112244E+01
0.440373E+01
0.921464E+00
0.390086E+01
0.185106E+01
0.260005E+01
0.370633E+01
0.221212E+01
0.388853E+01
0.149219E+01
0.147624E+01
0.106938E+01
0.367362E+01
0.415812E+01
0.213551E+01
0.401101E+01
0.156704E+01
0.330431E+01
0.296220E+01
0.284802E+01
0.284219E+01
0.191256E+01
0.305373E+01
0.468291E+01
0.218618E+01
0.241606E+01
0.299005E+01
0.351891E+01
0.495892E+01
0.193132E+01
0.286246E+01
0.303387E+01
0.233620E+01
0.317036E+01
0.228833E+01
0.426027E+01
0.166798E+01
0.390357E+01
0.284082E+01
0.309146E+01
0.126361E+01
0.537075E+01
0.395304E+01
0.239290E+01
0.410108E+01
0.265629E+01
0.282786E+01
0.349292E+01
0.388399E+01
0.440294E+01
0.260349E+01
0.356520E+01
0.400188E+01
0.442690E+01
0.320290E+01
0.229730E+01
0.171332E+01
0.167200E+01
0.404284E+01
0.349133E+01
0.426537E+01
0.211366E+01
0.252356E+01
0.610257E+01
0.350156E+01
0.476452E+01
0.322278E+01
0.307332E+01
0.243884E+01
0.158258E+01
0.581275E+01
0.177864E+01
0.303455E+01
0.442756E+01
0.165132E+01
0.558487E+01
0.556444E+01
0.108014E+01
0.378622E+01
0.230333E+01
0.259450E+01
0.257133E+01
0.290854E+01
0.410139E+01
0.431655E+01
0.129628E+01
0.153840E+01
0.345675E+01
0.338753E+01
0.459880E+01
0.208774E+01
0.479216E+01
0.592191E+01
0.343904E+01
0.269683E+01
0.154146E+01
0.196667E+01
0.252551E+01
0.158946E+01
0.169961E+01
0.321861E+01
0.220757E+01
0.391967E+01
0.295066E+01
0.272217E+01
0.382972E+01
0.480834E+01
0.324974E+01
0.382030E+01
0.460197E+01
0.164996E+01
0.200885E+01
0.309335E+01
0.367352E+01
0.434350E+01
0.129257E+01
0.271384E+01
0.503008E+01
0.202049E+01
0.330592E+01
0.440218E+01
0.366066E+01
0.466229E+01
0.328347E+01
0.271847E+01
0.779497E+00
0.253033E+01
0.399980E+01
0.131130E+01
0.293004E+01
0.177963E+01
0.375746E+01
0.250982E+01
0.363353E+01
0.500445E+01
0.248462E+01
0.382222E+01
0.313674E+01
0.223374E+01
0.158375E+01
0.652047E+01
0.559228E+01
0.332244E+01
0.217427E+01
0.210939E+01
0.300352E+01
0.362718E+01
0.395749E+01
0.393147E+01
0.422587E+01
0.253844E+01
0.229563E+01
0.383095E+01
0.396130E+01
0.409893E+01
0.334803E+01
0.731233E+00
0.484054E+01
0.137564E+01
0.314393E+01
0.172902E+01
0.258705E+01
0.269733E+01
0.316829E+01
0.323851E+01
0.241573E+01
0.167062E+01
0.591136E+01
0.468233E+01
0.399343E+01
0.327694E+01
0.182773E+01
0.191944E+01
0.173934E+01
0.236530E+01
0.294022E+01
0.430629E+01
0.432759E+01
0.383943E+01
0.269487E+01
0.315117E+01
0.356823E+01
0.421302E+01
0.323537E+01
0.342682E+01
0.375866E+01
0.367107E+01
0.129190E+01
0.505491E+01
0.224434E+01
0.322210E+01
0.366553E+01
0.587664E+01
0.377944E+01
0.324217E+01
0.404039E+01
0.611743E+01
0.505319E+01
0.403709E+01
0.420365E+01
0.332128E+01
0.101720E+01
0.268798E+01
0.491029E+01
0.190081E+01
0.542007E+01
0.462823E+01
0.892444E+00
0.313456E+01
0.101578E+01
0.359949E+01
0.618005E+01
0.458340E+01
0.262861E+01
0.158752E+01
0.270416E+01
0.148463E+01
0.307756E+01
0.193113E+01
0.697813E+01
0.361638E+01
0.418939E+01
0.471298E+01
0.306991E+01
0.422293E+01
0.216198E+01
0.122100E+01
0.184564E+01
0.370361E+01
0.410644E+01
0.285184E+01
0.265621E+01
0.186949E+01
0.137779E+01
0.110328E+01
0.114867E+01
0.140713E+01
0.523942E+01
0.386634E+01
0.318048E+01
0.274984E+01
0.167026E+01
0.154591E+01
0.446387E+01
0.317627E+01
0.474038E+01
0.292875E+01
0.551103E+01
0.571363E+01
0.267429E+01
0.480219E+01
0.401691E+01
0.283347E+01
0.246452E+01
0.265980E+01
0.454548E+01
0.307331E+01
0.272288E+01
0.220813E+01
0.282617E+01
0.332126E+01
0.182770E+01
0.467081E+01
0.457939E+01
0.447428E+01
0.343963E+00
0.370917E+01
0.433142E+01
0.222935E+01
0.536272E+01
0.556263E+01
0.470413E+01
0.170160E+01
0.492084E+01
0.223530E+01
0.445287E+01
0.290707E+01
0.241871E+01
0.159356E+01
0.305967E+01
0.504788E+01
0.301357E+01
0.205117E+01
0.284165E+01
0.481309E+01
0.714570E+00
0.145558E+01
0.396592E+01
0.283793E+01
0.423637E+01
0.435912E+01
0.337434E+01
0.349312E+01
0.217423E+01
0.277921E+01
0.172761E+01
0.915456E+00
0.275157E+01
0.177496E+01
0.304067E+01
0.421677E+01
0.311676E+01
0.233373E+01
0.298819E+01
0.219286E+01
0.282529E+01
0.428672E+01
0.257450E+01
0.323791E+01
0.133461E+01
0.263774E+01
0.436669E+01
0.448861E+01
0.462827E+01
0.262789E+01
0.265945E+01
0.530779E+01
0.367227E+01
0.431510E+01
0.309259E+01
0.467040E+01
0.364169E+01
0.271257E+01
0.186024E+01
0.240674E+01
0.235405E+01
0.489242E+01
0.228117E+01
0.154215E+01
0.244977E+01
0.381177E+01
0.397940E+01
0.511708E+01
0.188370E+01
0.349186E+01
0.260525E+01
0.268788E+01
0.367405E+01
0.388764E+01
0.536327E+01
0.500039E+01
0.534253E+01
0.630821E+01
0.463746E+01
0.388521E+01
0.472032E+01
0.490897E+01
0.336229E+01
0.325275E+01
0.427261E+01
0.241361E+01
0.397367E+01
0.388331E+01
0.252993E+01
0.102201E+01
0.162706E+01
0.228718E+01
0.442163E+01
0.543937E+01
0.407355E+01
0.124003E+01
0.448641E+01
0.231857E+01
0.935042E+00
0.267057E+01
0.391588E+01
0.264636E+01
0.346677E+01
0.544811E+01
0.302052E+01
0.276316E+01
0.474369E+01
0.264230E+01
0.391952E+01
0.158078E+01
0.161910E+01
0.407987E+01
0.362136E+01
0.351714E+01
0.431461E+01
0.263112E+01
0.440118E+01
0.210727E+01
0.191856E+01
0.364092E+01
0.225498E+01
0.867988E+00
0.970257E+00
0.133354E+01
0.251413E+01
0.364260E+01
0.628526E+01
0.622027E+01
0.501580E+01
0.499971E+01
0.202358E+01
0.287566E+01
0.309583E+01
0.242284E+01
0.214377E+01
0.646962E+01
0.434420E+01
0.409344E+01
0.273513E+01
0.431853E+01
0.325887E+01
0.445977E+01
0.287957E+01
0.285690E+01
0.289796E+01
0.211345E+01
0.430068E+01
0.281858E+01
0.442494E+01
0.378340E+01
0.456856E+01
0.260290E+01
0.300303E+01
0.271283E+01
0.177092E+01
0.160268E+01
0.277583E+01
0.212689E+01
0.180642E+01
0.566861E+01
0.376017E+01
0.267465E+01
0.211252E+01
0.476201E+01
0.293787E+01
0.340924E+01
0.530808E+01
0.475267E+01
0.399586E+01
0.514780E+01
0.586180E+01
0.225484E+01
0.529225E+01
0.383347E+01
0.229682E+01
0.424476E+01
0.293569E+01
0.301405E+01
0.261649E+01
0.415839E+01
0.356425E+01
0.367423E+01
0.362612E+01
0.173967E+01
0.101614E+01
0.186065E+01
0.269010E+01
0.110754E+01
0.121616E+01
0.368530E+01
0.496448E+01
0.428736E+01
0.351171E+01
0.159696E+01
0.294220E+01
0.259764E+01
0.288621E+01
0.287353E+01
0.474341E+01
0.441614E+01
0.453570E+01
0.289889E+01
0.481090E+01
0.430888E+01
0.381491E+01
0.417849E+01
0.403715E+01
0.357992E+01
0.333336E+01
0.213625E+01
0.400219E+01
0.266584E+01
0.483529E+01
0.314578E+01
0.203708E+01
0.311356E+01
0.534190E+01
0.302460E+01
0.420000E+01
0.596961E+01
0.437926E+01
0.495919E+01
0.250739E+01
0.450506E+01
0.274490E+01
0.221887E+01
0.491618E+01
0.324201E+01
0.420792E+01
0.245848E+01
0.401180E+01
0.442679E+01
0.129623E+01
0.434494E+01
0.395731E+01
0.236634E+01
0.268753E+01
0.240747E+01
0.172076E+01
0.225385E+01
0.114120E+01
0.282421E+01
0.221646E+01
0.347540E+01
0.483683E+01
0.505235E+01
0.203072E+01
0.285268E+01
0.319663E+01
0.203326E+01
0.448053E+01
0.451600E+01
0.530755E+01
0.282961E+01
0.534854E+01
0.401474E+01
0.439300E+01
0.483538E+01
0.403517E+01
0.100720E+01
0.332331E+01
0.397898E+01
0.305061E+01
0.405184E+01
0.156802E+01
0.320154E+01
0.129402E+01
0.393054E+01
0.458028E+01
0.235285E+01
0.371916E+01
0.300597E+01
0.287702E+01
0.160887E+01
0.927497E+00
0.288966E+01
0.157239E+01
0.343498E+01
0.414834E+00
0.202977E+01
0.278873E+01
0.252342E+01
0.414834E+01
0.272326E+01
0.322292E+01
0.533614E+01
0.297785E+01
0.446095E+01
0.290600E+01
0.229628E+01
0.489315E+01
0.209612E+01
0.256387E+01
0.235981E+01
0.254503E+01
0.223226E+01
0.220770E+01
0.185414E+01
0.179313E+01
0.164640E+01
0.211977E+01
0.157110E+01
0.127843E+01
0.123233E+01
0.144468E+01
0.224865E+01
0.433521E+01
0.242297E+01
0.250161E+01
0.249041E+01
0.212755E+01
0.239692E+01
0.221227E+01
0.206566E+01
0.216777E+01
0.206663E+01
0.220325E+01
0.174698E+01
0.146541E+01
0.103991E+01
0.128970E+01
0.231839E+01
0.192873E+01
0.196588E+01
0.218125E+01
0.218122E+01
0.211298E+01
0.198753E+01
0.178379E+01
0.165041E+01
0.181100E+01
0.160931E+01
0.177952E+01
0.109705E+01
0.127363E+01
0.213244E+01
0.200506E+01
0.357438E+01
0.162603E+01
0.221008E+01
0.198124E+01
0.192100E+01
0.200427E+01
0.189768E+01
0.163247E+01
0.173239E+01
0.194425E+01
0.168682E+01
0.116592E+01
0.121735E+01
0.856541E+00
0.244024E+01
0.219459E+01
0.228761E+01
0.209373E+01
0.230073E+01
0.203228E+01
0.179795E+01
0.191286E+01
0.194189E+01
0.134048E+01
0.147326E+01
0.119479E+01
0.230518E+01
0.183146E+01
0.179517E+01
0.214048E+01
0.179198E+01
0.226035E+01
0.192373E+01
0.172959E+01
0.184231E+01
0.188925E+01
0.125151E+01
0.132441E+01
0.125062E+01
0.128054E+01
0.183777E+01
0.204089E+01
0.187735E+01
0.163419E+01
0.216355E+01
0.217610E+01
0.160008E+01
0.186263E+01
0.169175E+01
0.175207E+01
0.968054E+00
0.149528E+01
0.762682E+00
0.134317E+01
0.194789E+01
0.181067E+01
0.191375E+01
0.149378E+01
0.185144E+01
0.136969E+01
0.165856E+01
0.190147E+01
0.247764E+01
0.233772E+01
0.186447E+01
0.196037E+01
0.202775E+01
0.209809E+01
0.194951E+01
0.179052E+01
0.185480E+01
0.167019E+01
0.163018E+01
0.139372E+01
0.128856E+01
0.185817E+01
0.157634E+01
0.268156E+01
0.143460E+01
0.172363E+01
0.151604E+01
0.156266E+01
0.146987E+01
0.193437E+01
0.195020E+01
0.153743E+01
0.165347E+01
0.172168E+01
0.141004E+01
0.204101E+01
0.162080E+01
0.226311E+01
0.157447E+01
0.166409E+01
0.197863E+01
0.155867E+01
0.333277E+01
0.158894E+01
0.229499E+01
0.174736E+01
0.173403E+01
0.196576E+01
0.160130E+01
0.202426E+01
0.193239E+01
0.206763E+01
0.189630E+01
0.153842E+01
0.183041E+01
0.174300E+01
0.236441E+01
0.227464E+01
0.126942E+01
0.130208E+01
0.244928E+01
0.162400E+01
0.137527E+01
0.153914E+01
0.181419E+01
0.149083E+01
0.200345E+01
0.138759E+01
0.236810E+01
0.132286E+01
0.219030E+01
0.214645E+01
0.259372E+01
0.233828E+01
0.258569E+01
0.161608E+01
0.114514E+01
0.154297E+01
0.132613E+01
0.861202E+00
0.132293E+01
0.268967E+01
0.179162E+01
0.284984E+01
0.209256E+01
0.190748E+01
0.211127E+01
0.207086E+01
0.245873E+01
0.146292E+01
0.941209E+00
0.120036E+01
0.252572E+01
0.211844E+01
0.312829E+01
0.191439E+01
0.192602E+01
0.224102E+01
0.236952E+01
0.217090E+01
0.209717E+01
0.295726E+01
0.147713E+01
0.209079E+01
0.106499E+01
0.203193E+01
0.187734E+01
0.192362E+01
0.212841E+01
0.210926E+01
0.222405E+01
0.256473E+01
0.242356E+01
0.188871E+01
0.721540E+00
0.111760E+01
0.286603E+01
0.194782E+01
0.239504E+01
0.226396E+01
0.236090E+01
0.250233E+01
0.192992E+01
0.278273E+01
0.154596E+01
0.181849E+01
0.168338E+01
0.348766E+01
0.187422E+01
0.294314E+01
0.265943E+01
0.245122E+01
0.221968E+01
0.254426E+01
0.248934E+01
0.196532E+01
0.302487E+01
0.195354E+01
0.146304E+01
0.262087E+01
0.191275E+01
0.335734E+01
0.276942E+01
0.267959E+01
0.244197E+01
0.223243E+01
0.212742E+01
0.218158E+01
0.162556E+01
0.136220E+01
0.154217E+01
0.220911E+01
0.239799E+01
0.218276E+01
0.221075E+01
0.219648E+01
0.179624E+01
0.231460E+01
0.208326E+01
0.126509E+01
0.211988E+01
0.298863E+01
0.267334E+01
0.185616E+01
0.221501E+01
0.198253E+01
0.228999E+01
0.214321E+01
0.188094E+01
0.165461E+01
0.477944E+00
0.142632E+01
0.320002E+01
0.179431E+01
0.206652E+01
0.211426E+01
0.192144E+01
0.209653E+01
0.179274E+01
0.163576E+01
0.134375E+01
0.116566E+01
0.304652E+01
0.570346E+00
0.227768E+01
0.185887E+01
0.223305E+01
0.297496E+01
-0.237689E+00
0.216840E+01
0.198862E+01
0.200447E+01
0.216484E+01
0.136259E+01
0.764198E+00
0.826398E+01
0.177538E+01
0.265303E+01
0.223386E+01
0.213029E+01
0.172049E+01
0.427708E+01
0.150105E+01
0.164769E+01
0.206753E+01
0.178511E+01
0.189814E+01
0.230231E+01
0.226114E+01
0.217761E+01
0.194844E+01
0.179047E+01
0.792020E+01
0.182458E+01
0.650261E+00
0.144022E+01
0.243108E+01
0.157553E+01
0.138687E+01
0.164975E+01
0.163091E+01
0.203191E+01
0.192253E+01
0.159967E+01
0.180929E+01
0.247657E+01
0.185289E+01
0.143443E+01
0.166307E+01
0.188323E+01
0.567722E+00
0.150181E+00
0.222537E+01
0.198162E+01
0.212048E+01
0.220359E+01
0.181255E+01
0.173218E+01
0.179892E+01
0.172973E+01
0.186354E+01
0.191364E+01
0.233790E+01
0.166949E+01
0.172470E+01
0.153704E+01
0.155895E+01
0.126882E+01
0.333369E+01
0.189735E+01
0.200418E+01
0.161643E+01
0.207202E+01
0.157264E+01
0.174821E+01
0.161096E+01
0.194492E+01
0.191474E+01
0.184331E+01
0.169351E+01
0.149450E+01
0.186547E+01
0.163032E+01
0.151795E+01
0.165392E+01
0.159000E+01
0.153968E+01
0.130231E+01
0.138852E+01
0.114572E+01
0.385291E+01
0.229543E+01
0.183106E+01
0.244882E+01
0.236836E+01
0.154291E+01
0.245947E+01
0.295803E+01
0.188929E+01
0.184874E+01
0.127994E+01
0.146657E+01
0.178104E+01
0.168739E+01
0.194369E+01
0.189018E+01
0.175394E+01
0.185216E+01
0.196130E+01
0.139375E+01
0.156534E+01
0.172200E+01
0.174838E+01
0.174471E+01
0.132369E+01
0.132667E+01
0.146421E+01
0.147848E+01
0.235267E+01
0.162448E+01
0.219151E+01
0.862099E+00
0.942823E+00
0.209241E+01
0.723662E+00
0.278426E+01
0.302444E+01
0.123411E+01
0.104101E+01
0.109853E+01
0.116638E+01
0.134279E+01
0.125231E+01
0.969632E+00
0.137019E+01
0.202853E+01
0.128844E+01
0.147161E+01
0.141022E+01
0.137524E+01
0.214714E+01
0.132329E+01
0.120144E+01
0.106621E+01
0.111854E+01
0.154694E+01
0.173568E+01
0.153914E+01
0.259539E+01
0.269002E+01
0.252692E+01
0.203321E+01
0.286829E+01
0.181947E+01
0.195258E+01
0.231587E+01
0.197756E+01
0.144569E+01
0.129022E+01
0.121733E+01
0.147454E+01
0.132478E+01
0.149644E+01
0.165860E+01
0.209842E+01
0.185758E+01
0.193571E+01
0.204074E+01
0.196621E+01
0.181374E+01
0.233854E+01
0.179155E+01
0.211917E+01
0.187804E+01
0.194832E+01
0.168394E+01
0.146161E+01
0.136185E+01
0.284836E+01
0.312759E+01
0.348675E+01
0.261820E+01
0.208267E+01
0.165477E+01
0.127330E+01
0.855229E+00
0.119485E+01
0.124968E+01
0.762535E+00
0.157452E+01
0.161931E+01
0.148919E+01
0.191393E+01
0.187365E+01
0.191008E+01
0.153967E+01
0.126477E+01
0.478349E+00
0.164305E+01
0.209328E+01
0.335668E+01
0.571029E+00
0.136374E+01
0.127997E+01
0.160083E+01
0.236415E+01
0.190651E+01
0.192493E+01
0.192346E+01
0.294278E+01
0.276608E+01
0.211980E+01
0.142696E+01
0.116540E+01
0.763656E+00
0.189926E+01
0.227804E+01
0.826274E+01
0.791926E+01
0.224301E+01
0.266063E+01
0.185940E+01
0.177636E+01
0.213101E+01
0.182591E+01
0.188260E+01
0.273120E+01
0.194007E+01
0.202569E+01
0.227624E+01
0.258690E+01
0.211211E+01
0.237116E+01
0.213008E+01
0.239647E+01
0.245278E+01
0.267914E+01
0.299135E+01
0.320347E+01
0.223392E+01
0.265428E+01
0.172144E+01
0.651879E+00
0.138836E+01
0.567336E+00
0.213379E+01
0.230693E+01
0.183865E+01
0.190198E+01
0.193333E+01
0.217205E+01
0.211043E+01
0.226492E+01
0.222075E+01
0.244106E+01
0.267471E+01
0.304765E+01
0.297537E+01
0.223472E+01
0.427849E+01
0.144135E+01
0.149401E+00
0.224846E+01
0.231799E+01
0.200509E+01
0.243935E+01
0.183186E+01
0.204042E+01
0.194898E+01
0.195078E+01
0.226197E+01
-0.238591E+00
0.150018E+01
0.243091E+01
0.222335E+01
0.305999E+01
0.274173E+01
0.206878E+01
0.222578E+01
0.201032E+01
0.433592E+01
0.357533E+01
0.268115E+01
0.385357E+01
0.184879E+01
0.235486E+01
0.273233E+01
0.193970E+01
0.305673E+01
0.274431E+01
0.201188E+01
0.433547E+01
0.571064E+01
0.291036E+01
0.112121E+01
0.216664E+01
0.282309E+01
0.306529E+01
0.218462E+01
0.196613E+01
0.503852E+01
0.324045E+01
0.409598E+01
0.202164E+01
0.505088E+01
0.602396E+01
0.335491E+01
0.317408E+01
0.300241E+01
0.357101E+01
0.438029E+01
0.119236E+01
0.299374E+01
-0.153719E+01
0.216773E+01
0.695131E+00
0.374357E+01
0.246648E+01
0.222244E+01
0.142150E+01
0.247517E+01
0.157984E+01
0.159920E+01
0.218287E+01
0.144124E+00
0.126651E+01
0.156291E+01
0.147426E+01
0.867396E+00
0.161795E+01
0.492241E+00
0.194842E+01
0.169580E+01
0.700802E+00
0.111898E+01
0.353786E+01
0.418699E+01
0.349696E+01
0.155376E+01
0.282111E+01
0.694567E+00
0.273331E+01
0.146601E+01
0.158727E+01
0.186845E+01
0.286223E+01
0.381471E+01
0.243130E+01
0.359597E+01
0.330912E+01
0.309978E+01
0.306634E+01
0.237958E+01
0.172161E+01
0.367298E+01
0.249259E+01
0.572161E+01
0.157028E+01
0.121594E+01
0.259008E+01
0.312763E+01
0.239707E+01
0.456216E+01
0.144107E+01
0.215429E+01
0.372548E+01
0.703876E+01
0.218378E+01
0.342742E+01
0.237152E+01
0.571120E+01
-0.505787E+00
0.261295E+01
0.473437E+01
0.200652E+01
0.144524E+01
0.108993E+01
0.159760E+01
-0.410056E+01
0.652840E+00
0.231518E+01
0.196621E+01
0.273317E+01
0.386572E+01
0.324885E+00
0.403901E+00
0.126484E+01
0.964136E+00
0.956044E+00
0.176456E+01
0.162700E+01
0.298057E+01
0.175431E+01
0.320328E+01
0.254832E+01
0.307784E+01
0.317437E+01
0.141649E+01
0.353906E+01
0.290644E+01
0.434343E+01
0.341476E+01
0.223359E+01
0.290423E+01
0.237843E+01
0.386409E+01
0.376578E+01
0.299133E+01
0.208751E+01
0.425035E+01
0.274592E+01
0.199312E+01
0.276238E+01
0.422405E+01
0.140077E+01
0.302028E+01
0.217257E+01
0.279093E+01
0.483550E+01
-0.983551E+00
0.251742E+01
0.172178E+01
0.348731E+01
0.295651E+01
0.191153E+01
0.195408E+01
0.271364E+01
0.209124E+01
0.227291E+01
0.475179E+01
0.186453E+01
0.284759E+01
0.253087E+01
0.646782E+01
0.464361E+01
0.342802E+01
0.235092E+01
0.386716E+01
0.255063E+01
0.271941E+01
0.233925E+01
0.305476E+01
0.503860E+01
0.367172E+01
0.342627E+01
0.376494E+01
0.348791E+01
0.415156E+01
0.354012E+01
0.260215E+01
0.312129E+01
0.286453E+01
0.130356E+01
0.235209E+01
0.297241E+01
0.323184E+01
0.451924E+01
0.272734E+01
0.223521E+01
0.545316E+01
0.251757E+01
0.264373E+01
0.347679E+01
0.446965E+01
0.324191E+01
0.249227E+01
0.237165E+01
0.299155E+01
0.295761E+01
0.363872E+01
0.218545E+01
-0.130093E+01
0.220017E+01
0.556397E+00
0.272255E+01
-0.780307E+00
0.396381E+01
0.319943E+01
0.260202E+01
0.143835E+01
0.106476E+01
0.338189E+01
0.348604E+01
0.385314E+01
0.298816E+01
0.978837E+00
0.101242E+01
0.213635E+01
0.343301E+01
0.409753E+01
0.374415E+01
0.572131E+01
0.571159E+01
0.208773E+01
0.191358E+01
0.366333E+01
0.282397E+01
0.371018E+01
0.291306E+01
0.231678E+01
0.318010E+01
0.308076E+01
0.369425E+01
0.236199E+01
0.182290E+01
0.371101E+01
0.171209E+01
0.149860E+01
0.431639E+01
0.246677E+01
0.415225E+01
0.239010E+01
0.314084E+01
0.175054E+01
0.162694E+01
0.182888E+01
0.373582E+01
0.166554E+01
0.353987E+01
0.269756E+01
0.322165E+01
0.232636E+01
0.398746E+01
0.221726E+01
0.148851E+01
0.202375E+01
0.366619E+01
0.239068E+01
0.360658E+01
0.340671E+01
0.109685E+01
0.505156E+01
0.222249E+01
0.424992E+01
0.195536E+01
0.260197E+01
0.269847E+01
0.360610E+01
0.292915E+01
0.396118E+01
0.270372E+01
0.360050E+01
0.270932E+01
0.145882E+01
0.397658E+01
0.394832E+01
0.384476E+01
0.130179E+01
0.318027E+01
0.202485E+01
0.287733E+01
0.431078E+01
0.502482E+01
0.351874E+01
0.173054E+01
0.168382E+01
0.387508E+01
0.406029E+01
0.602470E+01
0.142112E+01
0.363818E+01
0.282428E+01
0.322215E+01
0.292870E+01
0.457545E+01
0.246746E+01
0.499960E+01
0.197511E+01
0.345630E+01
0.532268E+01
0.595896E+01
0.495832E+01
0.350370E+01
0.549199E+01
0.439733E+01
0.314017E+01
0.232535E+01
0.396078E+01
0.244226E+01
