0.203962E+01
0.408748E+01
0.401009E+01
0.413142E+01
0.407708E+01
0.382225E+01
0.105724E+01
0.410885E+01
0.182292E+01
0.408231E+01
-0.191730E+01
0.452891E+01
0.140506E+01
0.475178E+01
0.289218E+01
0.574898E+01
0.481485E+01
0.317905E+01
0.543331E+01
0.406574E+01
0.580639E+01
0.452005E+01
0.366110E+01
0.588864E+01
0.506856E+01
0.350294E+01
0.582493E+01
0.419141E+01
0.610260E+01
0.444461E+01
0.404009E+01
0.576006E+01
0.432591E+01
0.390729E+01
0.514578E+01
0.350154E+01
0.555690E+01
0.343997E+01
0.136099E+01
0.225334E+01
0.289614E+01
0.230541E+01
0.257057E+01
0.452632E+01
0.139299E+01
0.386810E+01
0.207844E+01
0.192915E+01
0.155516E+01
0.110776E+01
0.310230E+01
0.127175E+01
0.109256E+01
0.645806E+00
0.876943E+00
0.176550E+01
0.256880E+01
0.127860E+01
0.555613E+01
0.393932E+01
-0.774375E+00
-0.269455E+00
0.109596E+01
-0.265113E+00
0.152443E+01
0.868210E+00
-0.242352E+00
0.110743E+01
0.988740E+00
0.467496E+00
0.274590E+01
0.413958E+01
0.204531E+01
0.383146E+01
0.241682E+01
0.281835E+01
0.161110E+01
0.474557E+00
0.632200E+00
0.377271E+01
-0.433735E+00
0.111533E+01
0.158050E+01
0.163398E+01
0.285407E+01
0.378954E+01
0.169901E+01
0.136382E+01
0.160522E+01
0.344364E+01
0.182544E+01
0.390011E+01
0.303154E+01
0.346015E+01
0.133766E+01
0.266434E+01
0.116833E+01
0.361624E+01
0.335224E+01
0.228768E+01
0.418913E+01
0.269916E+01
0.408888E+01
0.360859E+01
0.307615E+01
0.303495E+01
0.347288E+01
0.424183E+01
0.444465E+01
0.262707E+01
0.539217E+01
0.409440E+01
0.162358E+01
0.239666E+01
0.275605E+01
0.438718E+01
0.124782E+01
0.295731E+01
0.269199E+01
0.374403E+01
0.414054E+01
0.204818E+01
0.298661E+01
0.187333E+01
0.341054E+01
0.353839E+01
0.994120E+00
0.276256E+01
0.150447E+01
0.551119E+00
0.215386E+01
0.232905E+01
0.269218E+01
0.402406E+01
0.298444E+01
0.272220E+01
0.204480E+01
0.332305E+01
0.303624E+01
0.167008E+01
0.356932E+01
0.535081E+01
0.458591E+01
0.360890E+01
0.309647E+01
0.374566E+01
0.290043E+01
0.187362E+01
0.286248E+01
0.246845E+01
-0.170080E+01
0.278201E+01
0.377339E+01
0.119133E+01
0.330032E+01
0.220154E+01
0.252661E+01
0.354100E+01
0.317318E+00
0.280767E+01
0.292926E+01
0.165141E+01
0.122991E+01
0.401101E+01
0.179604E+01
0.380684E+01
0.233489E+01
0.303323E+01
0.144675E+01
0.307313E+01
0.218354E+01
0.195397E+01
0.432841E+01
0.212068E+01
0.410757E+01
0.333092E+01
0.254210E+01
0.394455E+01
0.182524E+01
0.332638E+01
0.237179E+01
0.343118E+01
0.154689E+01
0.341158E+01
0.286358E+01
0.224945E+01
0.187010E+01
0.295788E+01
0.257433E+01
0.306792E+01
0.159857E+01
0.411677E+01
0.395075E+01
0.166683E+01
0.715904E+00
0.294869E+01
0.108766E+01
0.355750E+01
0.414962E+01
0.356653E+01
0.446584E+01
0.257386E+01
0.235440E+01
0.332537E+01
0.211891E+01
0.353892E+01
0.246952E+01
0.232010E+01
0.399995E+01
0.345601E+01
0.321268E+01
0.137352E+01
0.193346E+01
0.425443E+01
0.134426E+01
0.152356E+01
0.885036E+00
0.439363E+01
0.200822E+01
0.272186E+01
0.377219E+01
0.229889E+01
0.146529E+01
0.145280E+01
0.296678E+00
0.250513E+01
0.176083E+01
0.222967E+01
0.302788E+01
0.239123E+01
0.273756E+01
0.307159E+01
0.785744E+00
0.402991E+01
0.278506E+01
0.182683E+01
0.299164E+01
0.243989E+01
0.414386E+01
0.602114E+01
0.103085E+01
0.173734E+01
0.150930E+01
0.218708E+01
0.845596E+00
0.152162E+01
0.138012E+01
0.275636E+01
0.349636E+01
0.308361E+01
0.256236E+01
0.467082E+01
0.193380E+01
0.277667E+01
0.237175E+01
0.240942E+01
0.554024E+01
0.257625E+01
0.416539E+01
0.106664E+01
0.118965E+01
0.186749E+01
0.231919E+01
0.320040E+01
0.146208E+01
0.110920E+01
-0.153934E+01
0.181699E+01
0.320104E+01
0.286036E+01
0.415683E+01
0.310761E+01
0.236332E+01
0.252298E+01
0.305171E+01
0.321439E+01
0.247013E+01
0.502374E+01
0.200711E+01
0.197370E+01
0.225025E+01
0.250395E+01
0.144451E+01
0.252386E+01
0.259167E+01
0.199910E+01
0.224873E+01
0.278556E+01
0.304389E+01
0.194005E+01
0.260619E+01
0.416610E+01
0.184217E+01
0.274648E+01
0.373416E+01
0.418230E+01
0.299295E+01
0.272679E+01
0.419753E+01
0.224111E+01
0.435142E+01
0.167299E+01
0.126624E+01
0.204505E+01
0.330017E+01
0.399751E+01
0.140705E+01
0.302943E+01
0.181810E+01
0.262694E+01
0.282753E+01
0.278576E+01
0.327158E+01
0.293544E+01
0.116069E+01
0.192812E+01
0.400718E+01
0.361347E+01
0.680553E+00
0.104901E+01
0.758343E+00
-0.606986E+00
0.165780E+01
0.214320E+01
0.115222E+01
0.692748E+00
0.968108E+00
0.237623E+01
0.162065E+01
0.172809E+01
0.131088E+01
0.216664E+01
0.857708E+00
0.252559E+01
0.108709E+01
0.208171E+01
0.326046E+01
0.228804E+01
0.343175E+01
0.240939E+01
0.409114E+01
0.147646E+01
0.332418E+01
0.220143E+01
0.295874E+01
0.111467E+01
0.184466E+01
0.175147E+01
0.239265E+01
0.320246E+01
0.335859E+01
0.232222E+01
0.349054E+01
0.317196E+01
0.310580E+01
0.265715E+01
0.154294E+01
0.271745E+01
0.210912E+01
0.200471E+01
0.947962E+00
0.143755E+01
0.142144E+01
0.210294E+01
0.148934E+01
0.596591E+00
0.168620E+01
0.636529E+00
0.290027E+01
0.387802E+01
0.179708E+01
0.252573E+01
0.190391E+01
0.169116E+01
0.241589E+01
-0.677113E+00
0.785960E+00
0.258817E+01
0.215192E+01
0.209831E+01
0.267560E+01
0.162276E+01
0.325580E+01
0.423586E+01
0.273749E+01
0.286009E+01
0.206942E+01
0.301535E+01
0.153239E+01
0.189519E+01
0.265010E+01
0.126669E+01
0.364875E+01
0.343607E+01
0.393842E+01
0.231367E+01
0.433035E+01
0.300459E+01
0.369384E+01
0.250383E+01
0.387426E+01
0.254355E+01
0.337059E+01
0.411364E+01
0.423325E+01
0.240937E+01
0.410355E+01
0.203533E+01
0.194556E+01
0.353960E+01
0.257243E+01
0.345471E+01
-0.627262E-01
0.286981E+01
0.234998E+01
0.230831E+01
0.199165E+01
0.415589E+01
0.262525E+01
0.335735E+01
0.250104E+01
0.298194E+01
0.335553E+01
0.125328E+01
0.410908E+01
0.234812E+01
0.234111E+01
0.285907E+01
0.157368E+01
0.469550E+01
0.373981E+01
0.324422E+01
0.268379E+01
0.581680E+01
0.212612E+01
0.356072E+01
0.113376E+01
0.260574E+01
0.380564E+01
0.515547E+01
0.254373E+01
0.747801E+00
0.709745E+00
0.149597E+01
0.188773E+01
0.353531E+01
0.165298E+01
0.176455E+01
0.195493E+01
0.206888E+01
0.197116E+01
0.210652E+01
0.288692E+01
0.157181E+01
0.218840E+01
0.303556E+01
0.316606E+00
0.306736E+01
0.321325E+01
0.282294E+01
-0.993536E+00
0.209688E+01
0.129833E+01
0.117739E+01
0.307237E+01
0.282673E+01
0.232208E+01
0.206890E+01
0.250156E+01
0.888104E+00
0.360457E+01
0.211823E+01
0.182270E+01
0.242686E+01
0.260191E+01
0.241322E+01
0.162023E+01
0.185675E+01
0.378309E+01
0.384836E+01
0.302777E+01
0.505406E+01
0.534056E+01
0.203427E+01
0.213585E+01
0.228560E+01
0.182802E+01
0.207600E+01
0.132101E+01
0.173190E+01
0.256571E+01
0.268501E+01
0.278117E+01
0.829518E+00
0.101324E+01
0.220430E+01
0.248080E+01
0.199070E+01
0.200233E+01
0.235946E+01
0.143937E+01
0.188996E+01
0.239364E+01
0.242668E+01
0.959445E+00
0.386294E+01
0.409098E+01
0.378804E+01
0.160972E+01
0.190425E+01
0.246322E+01
0.312439E+01
0.355202E+01
0.806054E+00
0.280670E+01
0.357698E+01
0.274712E+01
0.345300E+01
0.786686E+00
0.310760E+01
0.348814E+01
0.301534E+01
0.298345E+01
0.888541E+00
0.184330E+01
0.408246E+01
0.267536E+01
0.225487E+01
0.379264E+01
0.261993E+01
0.437675E+01
0.396510E+01
0.438286E+01
0.102108E+01
0.454320E+01
0.275673E+01
0.356323E+01
0.143247E+01
0.130834E+01
0.322346E+01
0.258547E+01
0.405783E+01
0.180738E+01
0.309393E+01
0.328079E+01
0.177321E+01
0.423220E+01
0.225291E+01
0.472487E+01
0.135301E+01
0.300213E+01
0.362046E+01
0.292859E+01
0.159973E+01
0.137474E+01
0.403051E+01
0.236333E+01
0.278563E+01
0.335603E+01
0.360416E+01
0.184348E+01
0.347819E+01
0.306315E+01
0.115740E+01
0.454818E+01
0.153272E+01
0.426196E+01
0.596319E+01
0.331188E+01
0.352308E+01
0.375670E+01
0.291062E+01
0.273922E+01
0.339463E+01
0.305359E+01
0.131529E+01
0.369479E+01
0.240109E+01
0.275437E+01
0.286497E+01
0.203642E+00
0.397236E+01
0.400894E+01
0.297631E+01
0.117900E+01
0.460274E+01
0.261592E+01
0.164835E+01
0.157451E+01
0.236806E+01
0.211694E+01
0.297703E+01
0.474964E+01
0.252131E+01
0.327014E+01
0.189414E+01
0.234722E+01
0.242669E+01
0.267433E+01
0.154452E+01
0.251771E+01
0.273807E+01
0.229874E+01
0.308318E+01
0.840217E+00
0.460859E+01
0.483519E+01
0.277135E+01
0.310386E+01
0.449651E+01
0.378911E+01
0.277631E+01
0.192008E+01
0.356704E+01
0.411411E+01
0.266558E+01
0.724611E+00
0.415193E+01
0.432144E+01
0.138873E+01
0.236879E+01
0.253069E+01
-0.638067E+00
0.167498E+01
0.182568E+01
0.293279E+01
0.317004E+01
0.264936E+01
0.234012E+01
0.260078E+01
0.225266E+01
0.134973E+01
0.254350E+01
0.300406E+01
0.180567E+01
0.214359E+01
0.993095E+00
0.257030E+01
0.230741E+01
0.147042E+01
0.121190E+01
0.129626E+01
0.195989E+01
0.205959E+01
0.305228E+01
0.278159E+01
0.411335E+01
0.276432E+01
0.419455E+01
0.451399E+01
0.346375E+01
0.438757E+01
0.514376E+01
0.375380E+01
0.127485E+01
0.292771E+01
0.248398E+01
0.741086E+00
0.401466E+01
0.215588E+01
0.374863E+01
0.712163E+00
0.353554E+01
0.535005E+01
0.179461E+01
0.425468E+01
0.299241E+01
0.310559E+01
0.126666E+01
0.286075E+01
0.160909E+01
0.379174E+01
0.347839E+01
-0.191845E+01
0.273772E+01
0.277641E+01
0.135028E+01
0.292849E+01
0.304971E+01
0.254722E+01
0.243114E+01
0.276920E+01
0.317001E+01
0.281169E+01
0.383788E+01
0.327699E+01
0.266787E+01
0.344766E+01
0.295544E+01
0.239361E+01
0.447685E+01
0.194154E+01
0.401116E+01
0.304930E+01
0.287808E+01
0.193934E+01
0.353088E+01
0.365304E+01
0.316380E+01
0.337049E+01
0.264908E+01
0.263649E+01
0.354273E+01
0.392972E+01
0.220839E+01
0.466157E+01
0.218368E+01
0.334960E+01
0.404800E+01
0.425603E+01
0.473481E+01
0.201325E+01
0.455855E+01
0.453998E+01
0.393960E+01
0.433646E+01
0.374119E+01
0.458457E+01
0.380549E+01
0.244047E+01
0.305062E+01
0.115927E+01
0.265632E+01
0.364832E+01
0.157454E+01
0.241193E+01
0.306282E+01
0.452916E+01
0.305022E+01
0.165376E+01
0.377662E+01
0.458449E+01
0.111005E+01
0.424695E+01
0.508620E+01
0.279867E+01
0.498088E+01
0.125879E+01
0.244165E+01
0.152278E+01
0.219681E+01
0.220530E+01
0.343107E+01
0.401375E+01
0.377719E+01
0.227971E+01
0.217270E+01
0.360589E+01
0.190070E+01
0.254568E+01
0.284498E+01
0.395045E+01
0.321460E+01
0.192739E+01
0.154257E+01
0.469693E+01
0.162073E+01
0.262060E+01
0.115748E+01
0.243189E+01
0.165432E+01
0.384123E+01
0.179216E+01
0.432201E+01
0.377388E+01
0.216792E+01
-0.754441E+00
0.180721E+01
0.248119E+01
0.362038E+01
0.442167E+01
0.273319E+01
0.138813E+01
0.376352E+01
0.211493E+01
0.252177E+01
0.117239E+01
0.343522E+01
0.185620E+01
0.437496E+01
0.222426E+01
0.229711E+01
0.254139E+01
0.276862E+01
0.290386E+01
0.376123E+01
0.255773E+01
0.491198E+01
0.230598E+01
0.321882E+01
0.225536E+01
0.370500E+01
0.227113E+01
0.386793E+01
0.239420E+01
0.239091E+01
0.370974E+01
0.699040E+00
0.539199E+01
0.337371E+01
0.463389E+01
0.304529E+01
0.482871E+01
0.157174E+01
-0.712667E-01
0.414368E+01
0.400654E+01
0.393657E+01
0.373972E+01
0.396491E+01
0.143942E+01
0.140569E+01
0.308101E+01
0.300238E+01
0.377689E+01
0.286839E+00
0.388844E+01
0.384007E+01
0.106853E+01
0.366106E+01
0.205545E+01
0.306078E+01
0.462421E+01
0.240616E+01
0.208774E+01
0.119949E+01
0.299563E+01
0.285090E+01
0.252713E+01
0.466069E+01
0.238788E+01
0.156874E+01
0.166337E+01
0.319632E+01
0.215833E+01
0.452912E+01
0.212088E+01
0.377924E+01
0.239336E+01
0.427513E+01
0.371335E+01
0.417143E+01
0.339796E+01
0.177493E+01
0.374040E+01
0.324767E+01
0.602075E+01
0.246874E+01
0.231188E+01
0.324372E+01
0.454881E+01
0.475041E+01
0.838273E+00
0.180427E+01
0.458384E+01
0.290212E+01
0.284470E+00
0.271924E+01
0.370425E+01
0.429895E+01
0.391168E+01
0.467699E+01
0.318238E+01
0.242517E+01
0.473504E+01
0.314516E+01
0.105705E+01
0.359922E+01
0.498461E+01
0.214163E+01
0.325220E+01
0.183910E+01
0.384370E+01
0.517360E+01
0.232704E+01
0.182673E+01
0.391214E+01
0.244335E+01
0.394282E+01
0.741841E+00
0.362192E+01
0.366660E+01
0.459615E+01
0.569345E+01
0.406113E+01
0.502231E+01
0.268350E+01
0.378239E+01
0.153384E+01
0.289143E+01
0.460669E+01
0.214268E+01
0.316817E+01
0.110901E+01
0.384083E+01
0.376056E+01
0.388542E+01
0.271721E+01
0.408979E+01
0.437756E+01
0.314199E+01
0.421590E+01
0.786758E+00
0.296902E+01
0.166488E+01
0.411426E+01
0.119500E+01
0.448085E+01
0.354916E+01
0.263934E+01
0.189110E+01
0.419710E+01
0.507663E+01
0.401429E+01
0.281106E+01
0.284542E+01
0.366615E+01
0.361471E+01
0.384835E+01
0.438236E+01
0.574586E+01
0.383818E+01
0.424726E+01
0.179281E+01
0.383846E+01
0.370340E+01
0.408872E+01
0.483825E+01
0.827427E+00
0.576932E+01
0.258870E+01
0.301393E+01
0.175335E+01
0.367436E+01
0.185246E+01
0.338769E+01
0.106943E+01
0.385525E+01
0.367712E+01
0.284492E+01
0.116970E+01
0.594289E+01
0.190234E+01
0.303405E+01
0.347144E+01
0.277954E+01
0.433036E+01
0.302760E+01
0.483344E+01
0.991072E+00
0.327682E+01
0.508463E+01
0.366004E+01
0.385583E+01
0.412733E+01
0.412364E+01
0.443857E+01
0.317275E+01
0.421726E+01
0.448282E+01
0.462593E+01
0.566835E+01
0.502999E+01
0.413930E+01
0.529502E+01
0.382380E+01
0.383998E+01
0.465542E+01
0.399903E+01
0.415638E+01
0.570978E+01
0.388718E+01
0.243812E+01
0.292661E+01
0.581586E+01
0.426190E+01
0.481331E+01
0.276839E+01
0.256830E+01
0.266710E+01
0.432082E+01
0.255577E+01
0.205241E+01
0.429639E+01
0.437660E+01
0.412735E+01
0.343703E+01
0.318671E+01
0.311902E+01
0.502378E+01
0.410161E+01
0.344802E+01
0.154843E+01
0.428397E+01
0.444125E+01
0.240930E+01
0.487528E+01
0.388132E+01
0.372484E+01
0.455004E+01
0.317800E+01
0.215631E+01
0.344862E+01
0.442260E+01
0.459618E+01
0.292627E+01
0.213047E+01
0.263805E+01
0.430370E+01
0.505577E+01
0.102127E+01
0.596374E+01
0.543183E+01
0.230797E+01
0.295740E+01
0.279931E+01
0.377530E+01
0.491267E+01
0.305890E+01
0.391153E+01
0.483898E+01
0.412467E+01
0.202801E+01
0.333048E+01
0.328187E+01
0.348374E+01
0.372559E+01
0.787775E+00
0.365762E+01
0.301585E+01
0.127177E+01
0.261886E+01
0.358890E+01
0.253710E+01
0.688521E+00
-0.649150E+00
0.547193E+01
0.534056E+01
0.454287E+01
0.406526E+01
0.239454E+01
0.497998E+01
0.216686E+01
0.462305E+01
0.467673E+01
0.314156E+01
0.444025E+01
0.343865E+01
0.343670E+01
0.491495E+01
0.265726E+01
0.422457E+01
0.187765E+01
0.360407E+01
0.357046E+01
0.180619E+01
0.243461E+01
0.220952E+01
0.377241E+01
0.492729E+01
0.126328E+01
0.136062E+01
0.518320E+01
0.377780E+01
0.432840E+01
0.204568E+01
0.318081E+01
0.427976E+01
0.439402E+01
0.106624E+01
0.387786E+01
0.203559E+01
0.157249E+01
0.355129E+01
0.397125E+01
0.191886E+01
0.353593E+01
0.374087E+01
0.301353E+01
0.386646E+01
0.356767E+01
0.556676E+01
0.347695E+01
0.423811E+01
0.399100E+01
0.492248E+01
0.363160E+01
0.300542E+01
0.266843E+01
0.517395E+01
0.229972E+01
0.305949E+01
0.348525E+01
0.537258E+01
0.280992E+01
0.399208E+01
0.273216E+01
0.425913E+01
0.959321E+00
0.594961E+01
0.268804E+01
0.136007E+01
0.298628E+01
0.154584E+01
0.211889E+01
0.255927E+01
0.310286E+01
0.269648E+01
0.672593E+01
-0.446640E+01
0.302869E+01
-0.127855E+01
0.420282E+01
0.200944E+01
0.126492E+01
0.179897E+01
0.194691E+01
0.218854E+01
0.804508E+00
0.400916E+01
0.273380E+01
-0.715497E-01
0.175463E+01
0.117016E+01
0.379703E+01
0.317498E+01
0.173128E+01
0.181982E+01
0.219342E+01
0.259933E+01
0.148220E+01
0.182411E+01
0.277536E+01
0.273838E+01
0.314995E+01
0.351254E+01
0.375250E+01
0.435326E+01
0.465177E+01
0.376581E+01
0.430490E+01
0.449191E+01
0.535166E+01
0.468723E+01
0.416016E+01
0.406839E+01
0.290065E+01
0.231581E+01
0.271395E+01
0.312147E+01
0.455712E+01
0.212996E+01
0.374195E+01
0.425810E+01
0.394346E+01
0.467088E+01
0.435032E+01
0.208059E+01
0.289996E+01
0.288691E+01
0.386227E+01
0.361925E+01
0.453921E+01
0.482875E+01
0.373839E+01
0.394170E+01
0.569330E+01
0.571078E+01
0.455153E+01
0.263740E+01
0.547149E+01
0.418982E+01
-0.332391E+00
0.135842E+01
0.310008E+01
0.274466E+01
0.242037E+01
0.285267E+01
0.356752E+01
0.344131E+01
0.126220E+01
0.268787E+01
0.948323E+00
0.257004E+01
0.191647E+01
0.138257E+01
0.814415E+00
0.277458E+01
0.325968E+01
0.147633E+01
0.203944E+01
0.127530E+01
0.711619E+00
0.160884E+01
0.176005E+01
0.190381E+01
0.194344E+01
0.853196E+00
0.165234E+01
0.206419E+01
0.160775E+01
0.207788E+01
0.223250E+01
0.360801E+00
0.869817E+00
0.152518E+01
0.240469E+01
0.174578E+01
0.160497E+01
0.177537E+01
0.113072E+01
0.194214E+01
0.525470E+01
-0.464260E+00
0.335364E+01
0.141665E+01
0.222840E+00
0.252517E+01
0.275910E+01
0.326206E+01
0.312304E+01
0.319715E+01
0.195890E+01
0.419049E+01
0.165110E+01
0.103325E+01
0.273819E+01
0.228267E+01
0.250663E+01
0.164211E+01
0.287787E+01
0.276917E+01
0.265979E+01
0.153355E+01
0.348600E+01
0.173783E+01
0.154541E+01
0.222474E+01
0.250109E+01
0.307224E+01
0.222806E+01
0.266083E+01
0.143148E+01
0.168409E+01
0.181243E+01
0.191031E+01
0.189440E+01
0.197243E+01
0.321914E+01
0.269833E+01
0.166938E+01
0.123007E+01
0.193355E+01
0.139079E+01
0.161925E+01
0.339549E+01
0.278594E+01
0.553962E+01
0.153207E+01
0.125373E+01
0.211749E+01
0.173704E+01
0.251821E+01
0.143876E+01
0.170750E+01
0.274512E+01
0.305499E+01
0.118409E+01
0.220285E+01
0.313394E+01
0.523546E+01
0.238680E+01
0.279627E+01
0.138994E+01
0.281034E+01
0.208780E+01
0.349072E+01
0.142740E+01
0.109219E+01
0.242777E+01
0.160898E+01
0.307600E+01
0.379795E+01
0.174682E+01
0.312427E+01
0.257599E+01
0.250086E+01
0.170828E+01
0.447688E+01
0.326919E+01
0.131695E+01
0.215954E+01
0.136975E+01
0.228079E+01
0.108847E+01
0.127980E+01
0.203114E+01
0.186729E+01
0.646337E+00
-0.774608E+00
0.220841E+01
0.303526E+01
0.386680E+01
0.317534E+01
0.341697E+01
0.157696E+01
0.133562E+01
0.246384E+01
0.307160E+01
0.375031E+01
0.148871E+01
0.107890E+01
0.210619E+01
0.102796E+01
0.205357E+01
0.211521E+01
0.148404E+01
0.271320E+01
0.269243E+01
0.115942E+01
0.208419E+01
0.320859E+01
0.213515E+01
0.249805E+01
0.332792E+01
0.348988E+01
0.147820E+01
0.123779E+01
0.241304E+01
0.245589E+01
0.507884E+01
0.377302E+01
0.259287E+01
0.200862E+01
0.234635E+01
0.696987E+00
0.334815E+01
0.154717E+01
0.332605E+01
0.237870E+01
0.410304E+01
0.350313E+01
0.284647E+01
0.388830E+01
0.163888E+01
0.226796E+01
0.960237E+00
0.235201E+01
0.325535E+01
0.340480E+01
0.182154E+01
0.120996E+01
0.286110E+01
0.242235E+01
0.239931E+01
0.592949E+00
0.347184E+01
0.152691E+01
0.135575E+01
0.352288E+01
0.512754E+01
0.193273E+01
0.242716E+01
0.157383E+01
0.324953E+01
0.433466E+01
0.379661E+01
0.306775E+01
0.354652E+01
0.354997E+01
0.425933E+01
0.358286E+01
0.358351E+01
0.458236E+01
0.167665E+01
0.226923E+01
0.525632E+01
0.492831E+01
0.594935E+01
0.231806E+01
0.343846E+01
0.433824E+01
0.406264E+01
0.430415E+01
0.287082E+01
0.295449E+01
0.381254E+01
0.416833E+01
0.673792E+00
0.335156E+01
0.596026E+00
0.114433E+01
0.249382E+01
0.261321E+01
0.242059E+01
0.379015E+01
-0.463634E+00
0.204931E+01
0.271474E+01
0.290079E+01
0.266816E+01
0.195932E+01
0.416644E+01
0.167462E+01
0.321938E+01
0.123941E+01
0.249086E+01
0.347046E+01
0.237841E+01
0.164900E+01
0.416859E+01
0.272439E+01
0.320871E+01
0.244415E+01
0.415460E+01
0.412001E+01
0.112876E+01
0.327132E+01
0.175903E+01
0.436204E+01
0.148647E+01
0.304959E+01
0.196781E+01
0.374466E+01
0.147797E+01
0.305002E+01
0.190388E+01
0.347237E+01
0.356889E+01
0.173361E+01
0.360757E+01
0.233348E+01
0.273061E+01
0.308851E+01
0.193396E+01
0.377588E+01
0.456599E+01
0.319619E+01
0.103161E+01
0.200649E+01
0.678692E+00
0.271599E+01
0.300465E+01
0.212744E+01
0.203441E+01
0.331108E+01
0.222770E+01
0.274472E+01
0.580747E+01
0.194280E+01
0.230775E+01
0.240671E+01
0.318422E+01
0.421735E+01
0.317465E+01
0.343797E+01
0.326772E+01
0.107832E+01
0.219198E+01
0.321140E+01
0.406208E+01
0.224319E+01
0.237154E+01
0.372998E+01
0.300090E+01
0.221468E+01
0.364942E+01
0.359507E+01
0.430492E+01
0.269680E+01
0.251143E+01
0.419113E+01
0.875601E+00
0.433540E+01
0.248954E+01
0.556671E+01
0.182104E+01
0.309599E+01
0.303273E+01
0.166655E+01
0.336455E+01
0.442333E+01
0.173851E+01
0.197392E+01
0.104876E+01
0.369375E+01
0.356187E+01
0.213615E+01
0.266025E+01
0.305592E+01
0.451983E+01
0.401135E+01
-0.755171E+00
0.321987E+01
0.208702E+01
0.786814E+00
0.372309E+01
0.275420E+01
0.380467E+01
0.494521E+01
0.194925E+01
0.307249E+01
0.394206E+01
0.248697E+01
0.351867E+01
0.265880E+01
0.341561E+01
0.413583E+01
0.379708E+01
0.347766E+01
0.219519E+01
0.374485E+01
0.144571E+01
0.142852E+01
0.151050E+01
0.225001E+01
0.756991E+00
0.210766E+01
0.250406E+01
0.113517E+01
0.228589E+01
0.352262E+01
0.143120E+01
0.366133E+01
0.147246E+01
0.304999E+01
0.225707E+01
0.119958E+01
0.421842E+01
0.202684E+01
0.491517E+01
0.731860E+00
0.249544E+01
0.235749E+01
0.218420E+01
0.375378E+01
0.346066E+01
0.369747E+01
0.316198E+01
0.238399E+01
0.301833E+01
0.358777E+01
0.242279E+01
0.241940E+01
0.164025E+01
0.306856E+01
0.194385E+01
0.424081E+01
0.259995E+01
0.307334E+01
0.509547E+01
0.218861E+01
0.250455E+01
-0.606265E+00
0.200601E+01
0.387390E+01
0.260672E+01
0.182849E+01
0.375818E+01
0.168374E+01
0.118601E+01
0.588720E+01
0.287735E+01
0.370488E+01
0.299359E+01
0.242366E+01
0.296736E+01
0.448240E+01
0.210680E+01
0.181266E+01
0.293478E+01
0.216451E+01
0.417079E+01
0.212180E+01
0.290750E+01
0.193261E+01
0.352679E+01
0.225220E+01
0.176634E+01
0.354670E+01
0.347076E+01
0.854150E+00
0.444469E+01
0.423817E+01
0.148418E+01
0.218425E+01
0.717060E+00
0.273513E+01
0.847691E+00
0.144540E+01
0.165837E+01
0.949684E+00
0.380765E+01
0.506859E+01
0.310458E+01
0.121396E+01
0.193989E+01
0.285025E+01
0.166441E+01
0.318824E+01
0.131782E+01
0.102885E+01
0.733364E+00
0.339939E+01
0.394596E+01
0.180636E+01
0.368691E+01
0.113490E+01
0.289595E+01
0.256967E+01
-0.268860E+00
0.241738E+01
0.237922E+01
0.165171E+01
0.262542E+01
0.399095E+01
0.182495E+01
0.195238E+01
0.261728E+01
0.298259E+01
0.422098E+01
0.152180E+01
0.252268E+01
0.254263E+01
0.207542E+01
0.291064E+01
0.181130E+01
0.350288E+01
0.129710E+01
0.353089E+01
0.227194E+01
0.252635E+01
0.462659E+01
0.332997E+01
0.205243E+01
0.368080E+01
0.219617E+01
0.230227E+01
0.292005E+01
0.341180E+01
0.381874E+01
0.204113E+01
0.296355E+01
0.348898E+01
0.380992E+01
0.263411E+01
0.183570E+01
0.127736E+01
0.354957E+01
0.287025E+01
0.383111E+01
0.164755E+01
0.206509E+01
0.539181E+01
0.277710E+01
0.432805E+01
0.294830E+01
0.259254E+01
0.214420E+01
0.143794E+01
0.515710E+01
0.132185E+01
0.275732E+01
0.365370E+01
0.125957E+01
0.466005E+01
0.473470E+01
0.826433E+00
0.311975E+01
0.328035E+01
0.215991E+01
0.211604E+01
0.219292E+01
0.249667E+01
0.368112E+01
0.393845E+01
0.317910E+01
0.108472E+01
0.109628E+01
0.295286E+01
0.281861E+01
0.416831E+01
0.160896E+01
0.409438E+01
0.492211E+01
0.274013E+01
0.212196E+01
0.108921E+01
0.138239E+01
0.200024E+01
0.115382E+01
0.142298E+01
0.254593E+01
0.173316E+01
0.356425E+01
0.274052E+01
0.220497E+01
0.582431E+01
0.316407E+01
0.386874E+01
0.238673E+01
0.314397E+01
0.411317E+01
0.137130E+01
0.148517E+01
0.264905E+01
0.336222E+01
0.404302E+01
0.911878E+00
0.230511E+01
-0.264493E+00
0.426058E+01
0.161139E+01
0.272574E+01
0.363041E+01
0.315012E+01
0.410638E+01
0.275665E+01
0.224791E+01
0.210295E+01
0.336921E+01
0.747813E+00
0.256521E+01
0.143007E+01
0.339544E+01
0.190886E+01
0.313446E+01
0.419033E+01
0.195977E+01
0.336963E+01
0.239400E+01
0.156650E+01
0.105522E+01
0.566827E+01
0.502498E+01
0.287189E+01
0.174203E+01
0.162657E+01
0.260329E+01
0.312369E+01
0.343183E+01
0.347915E+01
0.358192E+01
0.207846E+01
0.162281E+01
0.300489E+01
0.333091E+01
0.349788E+01
0.278599E+01
0.411361E+01
0.711047E+00
0.268564E+01
0.130830E+01
0.189432E+01
0.206061E+01
0.264926E+01
0.239177E+01
0.166182E+01
0.119452E+01
0.503103E+01
0.410269E+01
0.348205E+01
0.271367E+01
0.150820E+01
0.152682E+01
0.129141E+01
0.192890E+01
0.256977E+01
0.358388E+01
0.381088E+01
0.320877E+01
0.223144E+01
0.239440E+01
0.266723E+01
0.351266E+01
0.254101E+01
0.278067E+01
0.308361E+01
0.304262E+01
0.691615E+00
0.423192E+01
0.149582E+01
0.278017E+01
0.322233E+01
0.523536E+01
0.305196E+01
0.257613E+01
0.319380E+01
0.576967E+01
0.414019E+01
0.344919E+01
0.372501E+01
0.269118E+01
0.644588E+00
0.231383E+01
0.452410E+01
0.152319E+01
0.458144E+01
0.416775E+01
0.473146E+00
0.244312E+01
0.360589E+00
0.275529E+01
0.517394E+01
0.375417E+01
0.194013E+01
0.968150E+00
0.188899E+01
0.829374E+00
0.258501E+01
0.610289E+01
0.278293E+01
0.354316E+01
0.371056E+01
0.215755E+01
0.359882E+01
0.529683E+01
0.155002E+01
0.787557E+00
0.115963E+01
0.321137E+01
0.372337E+01
0.235824E+01
0.219610E+01
0.139188E+01
0.868322E+00
0.673512E+00
0.632279E+00
0.868687E+00
0.435391E+01
0.355821E+01
0.260514E+01
0.237487E+01
0.148958E+01
0.101214E+01
0.405721E+01
0.305213E+01
0.392874E+01
0.244147E+01
0.452707E+01
0.498295E+01
0.258781E+01
0.428460E+01
0.365660E+01
0.265814E+01
0.228097E+01
0.208312E+01
0.406199E+01
0.275435E+01
0.218445E+01
0.181277E+01
0.230161E+01
0.287069E+01
0.150814E+01
0.420677E+01
0.435533E+01
0.386584E+01
-0.242897E+00
0.335047E+01
0.377170E+01
0.152623E+01
0.438714E+01
0.465415E+01
0.415021E+01
0.134629E+01
0.416663E+01
0.161998E+01
0.353726E+01
0.220552E+01
0.180869E+01
0.131547E+01
0.238706E+01
0.444494E+01
0.411508E+01
0.220988E+01
0.152351E+01
0.214271E+01
0.448098E+01
0.108870E+01
0.320926E+01
0.224409E+01
0.380578E+01
0.375507E+01
0.293706E+01
0.292027E+01
0.174203E+01
0.207836E+01
0.110823E+01
0.596171E+00
-0.433214E+00
0.240341E+01
0.124596E+01
0.230075E+01
0.376760E+01
0.256200E+01
0.184018E+01
0.240817E+01
0.165319E+01
0.247963E+01
0.369300E+01
0.197098E+01
0.276482E+01
0.700363E+00
0.212059E+01
0.367959E+01
0.382563E+01
0.422457E+01
0.213329E+01
0.236874E+01
0.494369E+01
0.339789E+01
0.393678E+01
0.264828E+01
0.420640E+01
0.313370E+01
0.223231E+01
0.131582E+01
0.189152E+01
0.193771E+01
0.470851E+01
0.167597E+01
0.114578E+01
0.174557E+01
0.295607E+01
0.305858E+01
0.430614E+01
0.152446E+01
0.274618E+01
0.176540E+01
0.199056E+01
0.309330E+01
0.449584E+01
0.419513E+01
0.466158E+01
0.539237E+01
0.377757E+01
0.325221E+01
0.384128E+01
0.444317E+01
0.301485E+01
0.249767E+01
0.372943E+01
0.194940E+01
0.346087E+01
0.341110E+01
0.192758E+01
0.111471E+01
0.160336E+01
0.348421E+01
0.449183E+01
0.356648E+01
0.885937E+00
0.373217E+01
0.172569E+01
0.596035E+00
0.200078E+01
0.327979E+01
0.240023E+01
0.279470E+01
0.403841E+01
0.451336E+01
0.218294E+01
0.219546E+01
0.183869E+01
0.354802E+01
0.127182E+01
0.127923E+01
0.332594E+01
0.299977E+01
0.307184E+01
0.369678E+01
0.216404E+01
0.381609E+01
0.162442E+01
0.152587E+01
0.313288E+01
0.155288E+01
0.177571E+01
0.269105E+01
0.537231E+01
0.535315E+01
0.446582E+01
0.418252E+01
0.131030E+01
0.195605E+01
0.235985E+01
0.177361E+01
0.139039E+01
0.575922E+01
0.346451E+01
0.334980E+01
0.220518E+01
0.337400E+01
0.239204E+01
0.384296E+01
0.263868E+01
0.465643E+01
0.241123E+01
0.261843E+01
0.187792E+01
0.349029E+01
0.221449E+01
0.394260E+01
0.316224E+01
0.417191E+01
0.204055E+01
0.260277E+01
0.223258E+01
0.110613E+01
0.988467E+00
0.249341E+01
0.157998E+01
0.112939E+01
0.468827E+01
0.299167E+01
0.216589E+01
0.143809E+01
0.423061E+01
0.275357E+01
0.281029E+01
0.438808E+01
0.404765E+01
0.343055E+01
0.427346E+01
0.517263E+01
0.189073E+01
0.487669E+01
0.358812E+01
0.203164E+01
0.364849E+01
0.248626E+01
0.238369E+01
0.212196E+01
0.394621E+01
0.296257E+01
0.336294E+01
0.312260E+01
0.129173E+01
0.643490E+00
0.131619E+01
-0.333281E+00
0.280984E+01
0.416257E+01
0.272765E+01
0.858118E+00
0.207092E+01
0.189082E+01
0.225306E+01
0.208976E+01
0.432681E+01
0.425751E+01
0.401430E+01
0.371308E+01
0.232725E+01
0.400118E+01
0.388297E+01
0.360337E+01
0.359519E+01
0.351933E+01
0.301939E+01
0.291010E+01
0.180718E+01
0.348930E+01
0.317854E+01
0.194158E+01
0.399296E+01
0.252531E+01
0.168703E+01
0.239315E+01
0.472395E+01
0.286478E+01
0.349087E+01
0.514495E+01
0.377741E+01
0.417039E+01
0.182718E+01
0.419705E+01
0.253751E+01
0.186815E+01
0.430468E+01
0.265867E+01
0.358831E+01
0.193370E+01
0.368770E+01
0.380976E+01
0.108466E+01
0.404575E+01
0.343162E+01
0.192994E+01
0.231336E+01
0.189223E+01
0.135807E+01
0.467668E+00
0.261362E+01
0.163395E+01
0.273033E+01
0.406863E+01
0.419696E+01
0.197117E+01
0.242621E+01
0.135296E+01
0.390516E+01
0.375325E+01
0.473387E+01
0.227888E+01
0.463320E+01
0.339534E+01
0.390946E+01
0.415545E+01
0.372406E+01
0.687384E+00
0.269598E+01
0.341593E+01
0.242219E+01
0.352768E+01
0.113592E+01
0.263275E+01
0.914411E+00
0.347823E+01
0.435622E+01
0.193539E+01
0.290147E+01
0.257124E+01
0.224026E+01
0.108569E+01
0.634826E+00
0.210674E+01
0.958211E+00
0.300046E+01
0.202393E+00
0.142718E+01
0.514659E+01
0.201312E+01
0.217204E+01
0.304556E+01
0.177415E+01
0.244317E+01
0.507718E+01
-0.648110E+00
0.251035E+01
0.413488E+01
0.241900E+01
0.183467E+01
0.470934E+01
0.183988E+01
0.231340E+01
0.210296E+01
0.227673E+01
0.195440E+01
0.192569E+01
0.157114E+01
0.151573E+01
0.137833E+01
0.183282E+01
0.128132E+01
0.989194E+00
0.945695E+00
0.114805E+01
0.182023E+01
0.384704E+01
0.217505E+01
0.224997E+01
0.222498E+01
0.185212E+01
0.211800E+01
0.193409E+01
0.179149E+01
0.190050E+01
0.180153E+01
0.191935E+01
0.145899E+01
0.117833E+01
0.752900E+00
0.998317E+00
0.189044E+01
0.168130E+01
0.170560E+01
0.193295E+01
0.190613E+01
0.186342E+01
0.172420E+01
0.152415E+01
0.138443E+01
0.155338E+01
0.132590E+01
0.149803E+01
0.814468E+00
0.968286E+00
0.174698E+01
0.158249E+01
0.310568E+01
0.144776E+01
0.194197E+01
0.171223E+01
0.165739E+01
0.174691E+01
0.164448E+01
0.137426E+01
0.146284E+01
0.166716E+01
0.140937E+01
0.888542E+00
0.976072E+00
0.553340E+00
0.207245E+01
0.192863E+01
0.202125E+01
0.183458E+01
0.205165E+01
0.177861E+01
0.153238E+01
0.164002E+01
0.166824E+01
0.106671E+01
0.124120E+01
0.895514E+00
0.193238E+01
0.142684E+01
0.153054E+01
0.187687E+01
0.162666E+01
0.201468E+01
0.167297E+01
0.146717E+01
0.171453E+01
0.161877E+01
0.980568E+00
0.108726E+01
0.957339E+00
0.968569E+00
0.146783E+01
0.163923E+01
0.161507E+01
0.137724E+01
0.191530E+01
0.193336E+01
0.135157E+01
0.160281E+01
0.154490E+01
0.148285E+01
0.698496E+00
0.121873E+01
0.468651E+00
0.108700E+01
0.170388E+01
0.156324E+01
0.165514E+01
0.122879E+01
0.158291E+01
0.110131E+01
0.138236E+01
0.153543E+01
0.222927E+01
0.207864E+01
0.159842E+01
0.179040E+01
0.175828E+01
0.181998E+01
0.155336E+01
0.154171E+01
0.160443E+01
0.140969E+01
0.136477E+01
0.112591E+01
0.113037E+01
0.158153E+01
0.128633E+01
0.223630E+01
0.122594E+01
0.146275E+01
0.125110E+01
0.129622E+01
0.120165E+01
0.165842E+01
0.155915E+01
0.127361E+01
0.138304E+01
0.145455E+01
0.114037E+01
0.176556E+01
0.133321E+01
0.187596E+01
0.130672E+01
0.139922E+01
0.170615E+01
0.128811E+01
0.305484E+01
0.138168E+01
0.202335E+01
0.147660E+01
0.144743E+01
0.168792E+01
0.130004E+01
0.169380E+01
0.158027E+01
0.165808E+01
0.168338E+01
0.125405E+01
0.154786E+01
0.145565E+01
0.205942E+01
0.194393E+01
0.963995E+00
0.997435E+00
0.214583E+01
0.132468E+01
0.107784E+01
0.123056E+01
0.151040E+01
0.117911E+01
0.168949E+01
0.107542E+01
0.206142E+01
0.101703E+01
0.188074E+01
0.189819E+01
0.227694E+01
0.202431E+01
0.224445E+01
0.130520E+01
0.834485E+00
0.124020E+01
0.101800E+01
0.551901E+00
0.101964E+01
0.236927E+01
0.147749E+01
0.252371E+01
0.176605E+01
0.158118E+01
0.176801E+01
0.178451E+01
0.216859E+01
0.117507E+01
0.914103E+00
0.221556E+01
0.181702E+01
0.281659E+01
0.160972E+01
0.161082E+01
0.189704E+01
0.203332E+01
0.181815E+01
0.184093E+01
0.269733E+01
0.121584E+01
0.182184E+01
0.800746E+00
0.174705E+01
0.160853E+01
0.163360E+01
0.180885E+01
0.177272E+01
0.184113E+01
0.231429E+01
0.217567E+01
0.166551E+01
0.488656E+00
0.890803E+00
0.262314E+01
0.171468E+01
0.210503E+01
0.195172E+01
0.210406E+01
0.225071E+01
0.168250E+01
0.259244E+01
0.135861E+01
0.161349E+01
0.148557E+01
0.326977E+01
0.166650E+01
0.271986E+01
0.239079E+01
0.219220E+01
0.194096E+01
0.227471E+01
0.222389E+01
0.170503E+01
0.286205E+01
0.176615E+01
0.128837E+01
0.242606E+01
0.172270E+01
0.315148E+01
0.257203E+01
0.244359E+01
0.218533E+01
0.195458E+01
0.185200E+01
0.193330E+01
0.144726E+01
0.119357E+01
0.135975E+01
0.192710E+01
0.212028E+01
0.190765E+01
0.194262E+01
0.193051E+01
0.153272E+01
0.214046E+01
0.189960E+01
0.108565E+01
0.192946E+01
0.276750E+01
0.242929E+01
0.157413E+01
0.193580E+01
0.171351E+01
0.202496E+01
0.187855E+01
0.161865E+01
0.146251E+01
0.294903E+00
0.123262E+01
0.297577E+01
0.151690E+01
0.179235E+01
0.186473E+01
0.165782E+01
0.183612E+01
0.162813E+01
0.137987E+01
0.108757E+01
0.974669E+00
0.279983E+01
0.397742E+00
0.208765E+01
0.163963E+01
0.202180E+01
0.274505E+01
-0.490194E+00
0.190213E+01
0.172528E+01
0.174711E+01
0.191659E+01
0.117472E+01
0.587844E+00
0.811191E+01
0.154574E+01
0.243527E+01
0.194444E+01
0.193786E+01
0.153900E+01
0.407537E+01
0.126680E+01
0.137961E+01
0.180243E+01
0.152547E+01
0.164494E+01
0.205324E+01
0.201547E+01
0.193488E+01
0.170443E+01
0.154167E+01
0.779869E+01
0.161303E+01
0.464677E+00
0.122889E+01
0.218042E+01
0.130776E+01
0.123826E+01
0.138378E+01
0.137188E+01
0.177823E+01
0.167177E+01
0.135115E+01
0.156185E+01
0.222819E+01
0.160252E+01
0.122574E+01
0.139820E+01
0.171169E+01
0.415131E+00
0.201089E+01
0.170775E+01
0.183353E+01
0.191969E+01
0.155415E+01
0.146179E+01
0.153336E+01
0.146731E+01
0.160373E+01
0.165503E+01
0.207882E+01
0.140900E+01
0.146381E+01
0.127198E+01
0.128838E+01
0.963408E+00
0.305575E+01
0.168451E+01
0.169025E+01
0.130554E+01
0.178571E+01
0.128285E+01
0.146022E+01
0.132756E+01
0.166784E+01
0.164190E+01
0.171564E+01
0.154684E+01
0.122952E+01
0.159942E+01
0.136490E+01
0.125301E+01
0.138348E+01
0.138319E+01
0.125529E+01
0.997670E+00
0.107640E+01
0.835057E+00
0.358938E+01
0.202378E+01
0.154849E+01
0.214537E+01
0.206172E+01
0.124013E+01
0.216937E+01
0.269812E+01
0.166608E+01
0.159469E+01
0.990699E+00
0.117949E+01
0.149955E+01
0.140994E+01
0.167005E+01
0.161970E+01
0.148471E+01
0.158363E+01
0.179140E+01
0.112594E+01
0.129810E+01
0.145486E+01
0.147761E+01
0.145694E+01
0.101912E+01
0.101852E+01
0.117640E+01
0.121826E+01
0.209728E+01
0.132518E+01
0.188198E+01
0.552797E+00
0.182349E+01
0.490193E+00
0.259400E+01
0.286162E+01
0.947080E+00
0.753993E+00
0.815949E+00
0.889009E+00
0.106841E+01
0.981374E+00
0.700078E+00
0.110181E+01
0.175906E+01
0.113023E+01
0.120339E+01
0.114054E+01
0.107783E+01
0.189898E+01
0.102000E+01
0.915220E+00
0.802004E+00
0.891755E+00
0.135962E+01
0.144833E+01
0.123057E+01
0.227768E+01
0.236962E+01
0.221681E+01
0.174837E+01
0.262407E+01
0.161568E+01
0.176413E+01
0.214177E+01
0.169844E+01
0.114905E+01
0.998837E+00
0.976092E+00
0.124262E+01
0.108769E+01
0.121989E+01
0.138240E+01
0.182031E+01
0.158095E+01
0.165976E+01
0.176529E+01
0.168837E+01
0.150896E+01
0.202460E+01
0.147741E+01
0.181780E+01
0.160927E+01
0.171518E+01
0.148615E+01
0.128694E+01
0.119321E+01
0.252134E+01
0.281473E+01
0.326889E+01
0.242198E+01
0.189903E+01
0.146268E+01
0.967948E+00
0.552023E+00
0.895566E+00
0.956402E+00
0.468501E+00
0.128450E+01
0.133171E+01
0.117748E+01
0.160929E+01
0.166594E+01
0.171940E+01
0.135825E+01
0.108535E+01
0.295315E+00
0.136178E+01
0.176675E+01
0.315081E+01
0.398441E+00
0.117588E+01
0.968006E+00
0.129957E+01
0.205916E+01
0.158021E+01
0.161064E+01
0.163347E+01
0.271953E+01
0.256868E+01
0.192942E+01
0.123327E+01
0.974414E+00
0.587322E+00
0.160319E+01
0.208800E+01
0.811067E+01
0.779775E+01
0.189831E+01
0.239200E+01
0.164016E+01
0.154673E+01
0.193858E+01
0.161438E+01
0.171105E+01
0.247488E+01
0.167013E+01
0.169525E+01
0.194555E+01
0.224566E+01
0.176886E+01
0.203561E+01
0.181055E+01
0.210649E+01
0.219378E+01
0.244314E+01
0.276931E+01
0.297824E+01
0.202268E+01
0.243655E+01
0.153996E+01
0.466328E+00
0.123977E+01
0.414746E+00
0.174834E+01
0.193415E+01
0.146872E+01
0.153595E+01
0.158123E+01
0.181931E+01
0.177391E+01
0.195269E+01
0.194204E+01
0.218440E+01
0.243067E+01
0.280096E+01
0.274546E+01
0.194540E+01
0.407597E+01
0.123157E+01
0.182001E+01
0.189001E+01
0.158250E+01
0.207149E+01
0.142722E+01
0.163873E+01
0.155281E+01
0.155972E+01
0.187479E+01
-0.491112E+00
0.126592E+01
0.218025E+01
0.200734E+01
0.279744E+01
0.248009E+01
0.165924E+01
0.184247E+01
0.178031E+01
0.384775E+01
0.310665E+01
0.223589E+01
0.359004E+01
0.159473E+01
0.209789E+01
0.247601E+01
0.166976E+01
0.279606E+01
0.248086E+01
0.178191E+01
0.415150E+01
0.518258E+01
0.255673E+01
0.994213E+00
0.195538E+01
0.265109E+01
0.291161E+01
0.204398E+01
0.181263E+01
0.474227E+01
0.281586E+01
0.367675E+01
0.174061E+01
0.460333E+01
0.552469E+01
0.320011E+01
0.297633E+01
0.266565E+01
0.341670E+01
0.412103E+01
0.276241E+01
-0.170178E+01
0.195648E+01
-0.385952E+00
0.359930E+01
0.222850E+01
0.198685E+01
0.103764E+01
0.230064E+01
0.146175E+01
0.140578E+01
0.190400E+01
-0.603263E-01
0.103305E+01
0.139120E+01
0.117942E+01
0.726073E+00
0.138936E+01
0.174630E+01
0.157667E+01
0.325587E+01
0.389988E+01
0.310200E+01
0.150381E+01
0.264888E+01
0.267988E+01
0.141602E+01
0.146451E+01
0.168958E+01
0.273625E+01
0.241168E+01
0.340412E+01
0.303319E+01
0.269646E+01
0.291175E+01
0.226591E+01
0.154298E+01
0.331677E+01
0.206006E+01
0.537342E+01
0.145325E+01
0.111146E+01
0.241665E+01
0.287070E+01
0.228307E+01
0.460521E+01
0.415412E+01
0.133680E+01
0.196823E+01
0.346083E+01
0.672575E+01
0.204314E+01
0.307856E+01
0.194885E+01
0.529320E+01
-0.678128E+00
0.250586E+01
0.432298E+01
0.182201E+01
0.112908E+01
0.948200E+00
0.133831E+01
-0.446652E+01
0.551389E+00
0.224791E+01
0.181271E+01
-0.385860E+00
0.267974E+01
0.376270E+01
0.223171E+00
0.297848E+00
0.111349E+01
0.786031E+00
0.164177E+01
0.161837E+01
0.261692E+01
0.139066E+01
0.245725E+01
0.273101E+01
0.273317E+01
0.259406E+01
0.121167E+01
0.327133E+01
0.266539E+01
0.377809E+01
0.302814E+01
0.215297E+01
0.278016E+01
0.226476E+01
0.376107E+01
0.340874E+01
0.256685E+01
0.164214E+01
0.377156E+01
0.258897E+01
0.164985E+01
0.237062E+01
0.376477E+01
0.127125E+01
0.286289E+01
0.204486E+01
0.266628E+01
0.432710E+01
-0.128030E+01
0.232939E+01
0.154317E+01
0.323385E+01
0.265120E+01
0.153160E+01
0.151414E+01
0.252619E+01
0.184536E+01
0.215045E+01
0.413089E+01
0.157385E+01
0.253083E+01
0.211434E+01
0.594180E+01
0.436168E+01
0.278190E+01
0.200716E+01
0.374319E+01
0.242166E+01
0.257071E+01
0.204588E+01
0.269044E+01
0.474235E+01
0.331553E+01
0.307769E+01
0.340790E+01
0.323446E+01
0.397090E+01
0.333768E+01
0.250955E+01
0.275739E+01
0.250493E+01
0.209704E+01
0.282359E+01
0.287710E+01
0.407794E+01
0.252338E+01
0.190351E+01
0.507956E+01
0.234654E+01
0.239804E+01
0.318083E+01
0.402328E+01
0.281733E+01
0.205973E+01
0.194897E+01
0.256708E+01
0.265229E+01
0.330225E+01
0.176155E+01
-0.153994E+01
0.175081E+01
0.235104E+01
-0.993219E+00
0.357560E+01
0.276946E+01
0.236807E+01
-0.637217E+00
0.117340E+01
0.303486E+01
0.308681E+01
0.336390E+01
0.261682E+01
0.698208E+00
0.593419E+00
0.191765E+01
0.298447E+01
0.367830E+01
0.359990E+01
0.537309E+01
0.529360E+01
0.164236E+01
0.153367E+01
0.354027E+01
0.260085E+01
0.326212E+01
0.267568E+01
0.209803E+01
0.274700E+01
0.266006E+01
0.347112E+01
0.193346E+01
0.142837E+01
0.347175E+01
0.138325E+01
0.116800E+01
0.420292E+01
0.222881E+01
0.397159E+01
0.232662E+01
0.306183E+01
0.162212E+01
0.129914E+01
0.153323E+01
0.367461E+01
0.152557E+01
0.333741E+01
0.253975E+01
0.323722E+01
0.229135E+01
0.382292E+01
0.211559E+01
0.135391E+01
0.174278E+01
0.354178E+01
0.232720E+01
0.343489E+01
0.334817E+01
0.814745E+00
0.460401E+01
0.198690E+01
0.377114E+01
0.151590E+01
0.250935E+01
0.254065E+01
0.343441E+01
0.273485E+01
0.377194E+01
0.222990E+01
0.325460E+01
0.230865E+01
0.117838E+01
0.345204E+01
0.348541E+01
0.339591E+01
0.105764E+01
0.297598E+01
0.185448E+01
0.278016E+01
0.377446E+01
0.442313E+01
0.298243E+01
0.136120E+01
0.154739E+01
0.352188E+01
0.361557E+01
0.552543E+01
0.103724E+01
0.330169E+01
0.260222E+01
0.323777E+01
0.273441E+01
0.423614E+01
0.199180E+01
0.474795E+01
0.167331E+01
0.338808E+01
0.456422E+01
0.509581E+01
0.422034E+01
0.332508E+01
0.512710E+01
0.427774E+01
0.306117E+01
0.228878E+01
0.377153E+01
0.237778E+01
